-2.348825e-08, 0.022226
-2.328825e-08, 0.025367
-2.308825e-08, 0.030120
-2.288825e-08, 0.031537
-2.268825e-08, 0.026451
-2.248825e-08, 0.023616
-2.228825e-08, 0.022309
-2.208825e-08, 0.022587
-2.188825e-08, 0.021114
-2.168825e-08, 0.019169
-2.148825e-08, 0.020642
-2.128825e-08, 0.022976
-2.108825e-08, 0.024394
-2.088825e-08, 0.024060
-2.068825e-08, 0.024227
-2.048825e-08, 0.021781
-2.028825e-08, 0.018640
-2.008825e-08, 0.019002
-1.988825e-08, 0.019113
-1.968825e-08, 0.017556
-1.948825e-08, 0.020725
-1.928825e-08, 0.022337
-1.908825e-08, 0.020114
-1.888825e-08, 0.019975
-1.868825e-08, 0.019252
-1.848825e-08, 0.017640
-1.828825e-08, 0.017445
-1.808825e-08, 0.018168
-1.788825e-08, 0.018140
-1.768825e-08, 0.017306
-1.748825e-08, 0.018557
-1.728825e-08, 0.017612
-1.708825e-08, 0.017251
-1.688825e-08, 0.015250
-1.668825e-08, 0.015222
-1.648825e-08, 0.015972
-1.628825e-08, 0.014888
-1.608825e-08, 0.014166
-1.588825e-08, 0.013443
-1.568825e-08, 0.013526
-1.548825e-08, 0.015250
-1.528825e-08, 0.014805
-1.508825e-08, 0.015138
-1.488825e-08, 0.015027
-1.468825e-08, 0.013554
-1.448825e-08, 0.012025
-1.428825e-08, 0.010802
-1.408825e-08, 0.010441
-1.388825e-08, 0.009107
-1.368825e-08, 0.010413
-1.348825e-08, 0.010830
-1.328825e-08, 0.010663
-1.308825e-08, 0.011275
-1.288825e-08, 0.010552
-1.268825e-08, 0.008940
-1.248825e-08, 0.008329
-1.228825e-08, 0.007106
-1.208825e-08, 0.007217
-1.188825e-08, 0.007272
-1.168825e-08, 0.007967
-1.148825e-08, 0.007800
-1.128825e-08, 0.007050
-1.108825e-08, 0.007912
-1.088825e-08, 0.007634
-1.068825e-08, 0.008523
-1.048825e-08, 0.007912
-1.028825e-08, 0.005994
-1.008825e-08, 0.004576
-9.888250e-09, 0.004187
-9.688250e-09, 0.006244
-9.488250e-09, 0.009774
-9.288250e-09, 0.010747
-9.088250e-09, 0.009829
-8.888250e-09, 0.008745
-8.688250e-09, 0.007689
-8.488250e-09, 0.005382
-8.288250e-09, 0.008273
-8.088250e-09, 0.013109
-7.888250e-09, 0.014582
-7.688250e-09, 0.015722
-7.488250e-09, 0.016945
-7.288250e-09, 0.018029
-7.088250e-09, 0.018585
-6.888250e-09, 0.018140
-6.688250e-09, 0.017890
-6.488250e-09, 0.017779
-6.288250e-09, 0.017028
-6.088250e-09, 0.016139
-5.888250e-09, 0.016056
-5.688250e-09, 0.016611
-5.488250e-09, 0.018307
-5.288250e-09, 0.020447
-5.088250e-09, 0.023171
-4.888250e-09, 0.021309
-4.688250e-09, 0.020475
-4.488250e-09, 0.018696
-4.288250e-09, 0.018502
-4.088250e-09, 0.019919
-3.888250e-09, 0.022726
-3.688250e-09, 0.021559
-3.488250e-09, 0.021059
-3.288250e-09, 0.022031
-3.088250e-09, 0.023366
-2.888250e-09, 0.026034
-2.688250e-09, 0.029897
-2.488250e-09, 0.030453
-2.288250e-09, 0.029369
-2.088250e-09, 0.028258
-1.888250e-09, 0.026757
-1.688250e-09, 0.030731
-1.488250e-09, 0.032871
-1.288250e-09, 0.033372
-1.088250e-09, 0.033344
-8.882500e-10, 0.033539
-6.882500e-10, 0.036290
-4.882500e-10, 0.033427
-2.882500e-10, 0.028813
-8.825000e-11, 0.024366
1.117500e-10, 0.024894
3.117500e-10, 0.028397
5.117500e-10, 0.031398
7.117500e-10, 0.034206
9.117500e-10, 0.034067
1.111750e-09, 0.030398
1.311750e-09, 0.029203
1.511750e-09, 0.027590
1.711750e-09, 0.025534
1.911750e-09, 0.024172
2.111750e-09, 0.026451
2.311750e-09, 0.028841
2.511750e-09, 0.030259
2.711750e-09, 0.030148
2.911750e-09, 0.030287
3.111750e-09, 0.029536
3.311750e-09, 0.026812
3.511750e-09, 0.026006
3.711750e-09, 0.024616
3.911750e-09, 0.022893
4.111750e-09, 0.021031
4.311750e-09, 0.021086
4.511750e-09, 0.023810
4.711750e-09, 0.025311
4.911750e-09, 0.025728
5.111750e-09, 0.024839
5.311750e-09, 0.022893
5.511750e-09, 0.019558
5.711750e-09, 0.014805
5.911750e-09, 0.013915
6.111750e-09, 0.016445
6.311750e-09, 0.018835
6.511750e-09, 0.022893
6.711750e-09, 0.027674
6.911750e-09, 0.032733
7.111750e-09, 0.033622
7.311750e-09, 0.028452
7.511750e-09, 0.027229
7.711750e-09, 0.028619
7.911750e-09, 0.028869
8.111750e-09, 0.028452
8.311750e-09, 0.026645
8.511750e-09, 0.026256
8.711750e-09, 0.026534
8.911750e-09, 0.027062
9.111750e-09, 0.026701
9.311750e-09, 0.026896
9.511750e-09, 0.024867
9.711750e-09, 0.022754
9.911750e-09, 0.021976
1.011175e-08, 0.020975
1.031175e-08, 0.021476
1.051175e-08, 0.023810
1.071175e-08, 0.024755
1.091175e-08, 0.022949
1.111175e-08, 0.021142
1.131175e-08, 0.018057
1.151175e-08, 0.015778
1.171175e-08, 0.014916
1.191175e-08, 0.015500
1.211175e-08, 0.014110
1.231175e-08, 0.013776
1.251175e-08, 0.013637
1.271175e-08, 0.012720
1.291175e-08, 0.013971
1.311175e-08, 0.012164
1.331175e-08, 0.010830
1.351175e-08, 0.010358
1.371175e-08, 0.009413
1.391175e-08, 0.010107
1.411175e-08, 0.010080
1.431175e-08, 0.010302
1.451175e-08, 0.010080
1.471175e-08, 0.008468
1.491175e-08, 0.007411
1.511175e-08, 0.006300
1.531175e-08, 0.004020
1.551175e-08, 0.002214
1.571175e-08, 0.001435
1.591175e-08, 0.001408
1.611175e-08, 0.000824
1.631175e-08, 0.001241
1.651175e-08, 0.003687
1.671175e-08, 0.004715
1.691175e-08, 0.005994
1.711175e-08, 0.007328
1.731175e-08, 0.005966
1.751175e-08, 0.004604
1.771175e-08, 0.004076
1.791175e-08, 0.004159
1.811175e-08, 0.003715
1.831175e-08, 0.006439
1.851175e-08, 0.007217
1.871175e-08, 0.006022
1.891175e-08, 0.006633
1.911175e-08, 0.006439
1.931175e-08, 0.006077
1.951175e-08, 0.006522
1.971175e-08, 0.006439
1.991175e-08, 0.004687
2.011175e-08, 0.005299
2.031175e-08, 0.009468
2.051175e-08, 0.013359
2.071175e-08, 0.012442
2.091175e-08, 0.012498
2.111175e-08, 0.011414
2.131175e-08, 0.008690
2.151175e-08, 0.007217
2.171175e-08, 0.010107
2.191175e-08, 0.014443
2.211175e-08, 0.016111
2.231175e-08, 0.017390
2.251175e-08, 0.020002
2.271175e-08, 0.022587
2.291175e-08, 0.021865
2.311175e-08, 0.020697
2.331175e-08, 0.022699
2.351175e-08, 0.024672
2.371175e-08, 0.022532
2.391175e-08, 0.020364
2.411175e-08, 0.020141
2.431175e-08, 0.020336
2.451175e-08, 0.021281
2.471175e-08, 0.021281
2.491175e-08, 0.021698
2.511175e-08, 0.021225
2.531175e-08, 0.022170
2.551175e-08, 0.019141
2.571175e-08, 0.017362
2.591175e-08, 0.019808
2.611175e-08, 0.019558
2.631175e-08, 0.022254
2.651175e-08, 0.025200
2.671175e-08, 0.025951
2.691175e-08, 0.025617
2.711175e-08, 0.026673
2.731175e-08, 0.028841
2.751175e-08, 0.029397
2.771175e-08, 0.028674
2.791175e-08, 0.029008
2.811175e-08, 0.028702
2.831175e-08, 0.029008
2.851175e-08, 0.030676
2.871175e-08, 0.029619
2.891175e-08, 0.029758
2.911175e-08, 0.030426
2.931175e-08, 0.030231
2.951175e-08, 0.029342
2.971175e-08, 0.029091
2.991175e-08, 0.029230
3.011175e-08, 0.028091
3.031175e-08, 0.028758
3.051175e-08, 0.029342
3.071175e-08, 0.027757
3.091175e-08, 0.029870
3.111175e-08, 0.028285
3.131175e-08, 0.027368
3.151175e-08, 0.027507
3.171175e-08, 0.024811
3.191175e-08, 0.024533
3.211175e-08, 0.025144
3.231175e-08, 0.024700
3.251175e-08, 0.026367
3.271175e-08, 0.023838
3.291175e-08, 0.026284
3.311175e-08, 0.024199
3.331175e-08, 0.023671
3.351175e-08, 0.024783
3.371175e-08, 0.024366
3.391175e-08, 0.022282
3.411175e-08, 0.019613
3.431175e-08, 0.017723
3.451175e-08, 0.021281
3.471175e-08, 0.021253
3.491175e-08, 0.023560
3.511175e-08, 0.024589
3.531175e-08, 0.019169
3.551175e-08, 0.018418
3.571175e-08, 0.016472
3.591175e-08, 0.014638
3.611175e-08, 0.016056
3.631175e-08, 0.018140
3.651175e-08, 0.020475
3.671175e-08, 0.024950
3.691175e-08, 0.028619
3.711175e-08, 0.033233
3.731175e-08, 0.031815
3.751175e-08, 0.025812
3.771175e-08, 0.025395
3.791175e-08, 0.024589
3.811175e-08, 0.022393
3.831175e-08, 0.022031
3.851175e-08, 0.023199
3.871175e-08, 0.025200
3.891175e-08, 0.025033
3.911175e-08, 0.024616
3.931175e-08, 0.025061
3.951175e-08, 0.024116
3.971175e-08, 0.021142
3.991175e-08, 0.020808
4.011175e-08, 0.020141
4.031175e-08, 0.018196
4.051175e-08, 0.019558
4.071175e-08, 0.021503
4.091175e-08, 0.021726
4.111175e-08, 0.020253
4.131175e-08, 0.020030
4.151175e-08, 0.017751
4.171175e-08, 0.015917
4.191175e-08, 0.015222
4.211175e-08, 0.015555
4.231175e-08, 0.015694
4.251175e-08, 0.014027
4.271175e-08, 0.014360
4.291175e-08, 0.015694
4.311175e-08, 0.013804
4.331175e-08, 0.013776
4.351175e-08, 0.014527
4.371175e-08, 0.011747
4.391175e-08, 0.012053
4.411175e-08, 0.010886
4.431175e-08, 0.009079
4.451175e-08, 0.010080
4.471175e-08, 0.009885
4.491175e-08, 0.010830
4.511175e-08, 0.010469
4.531175e-08, 0.010191
4.551175e-08, 0.008162
4.571175e-08, 0.008078
4.591175e-08, 0.008607
4.611175e-08, 0.007828
4.631175e-08, 0.007189
4.651175e-08, 0.006494
4.671175e-08, 0.007717
4.691175e-08, 0.009079
4.711175e-08, 0.009385
4.731175e-08, 0.009774
4.751175e-08, 0.009385
4.771175e-08, 0.008745
4.791175e-08, 0.006994
4.811175e-08, 0.007606
4.831175e-08, 0.008745
4.851175e-08, 0.008718
4.871175e-08, 0.006967
4.891175e-08, 0.006661
4.911175e-08, 0.007828
4.931175e-08, 0.007300
4.951175e-08, 0.007828
4.971175e-08, 0.007189
4.991175e-08, 0.006216
5.011175e-08, 0.004354
5.031175e-08, 0.007189
5.051175e-08, 0.012943
5.071175e-08, 0.013749
5.091175e-08, 0.012553
5.111175e-08, 0.011358
5.131175e-08, 0.009691
5.151175e-08, 0.006466
5.171175e-08, 0.007745
5.191175e-08, 0.014443
5.211175e-08, 0.017695
5.231175e-08, 0.018974
5.251175e-08, 0.019724
5.271175e-08, 0.021698
5.291175e-08, 0.022087
5.311175e-08, 0.019196
5.331175e-08, 0.020030
5.351175e-08, 0.022004
5.371175e-08, 0.020781
5.391175e-08, 0.018085
5.411175e-08, 0.018779
5.431175e-08, 0.019141
5.451175e-08, 0.020364
5.471175e-08, 0.021031
5.491175e-08, 0.021698
5.511175e-08, 0.021892
5.531175e-08, 0.021225
5.551175e-08, 0.020975
5.571175e-08, 0.019558
5.591175e-08, 0.020336
5.611175e-08, 0.021559
5.631175e-08, 0.020892
5.651175e-08, 0.023644
5.671175e-08, 0.024144
5.691175e-08, 0.023977
5.711175e-08, 0.024700
5.731175e-08, 0.025283
5.751175e-08, 0.025951
5.771175e-08, 0.026812
5.791175e-08, 0.025895
5.811175e-08, 0.024283
5.831175e-08, 0.026423
5.851175e-08, 0.028452
5.871175e-08, 0.028174
5.891175e-08, 0.030787
5.911175e-08, 0.029703
5.931175e-08, 0.027340
5.951175e-08, 0.028174
5.971175e-08, 0.026979
5.991175e-08, 0.027257
6.011175e-08, 0.025978
6.031175e-08, 0.026562
6.051175e-08, 0.027424
6.071175e-08, 0.027285
6.091175e-08, 0.027729
6.111175e-08, 0.028647
6.131175e-08, 0.028674
6.151175e-08, 0.026812
6.171175e-08, 0.025756
6.191175e-08, 0.026173
6.211175e-08, 0.026534
6.231175e-08, 0.026868
6.251175e-08, 0.026896
6.271175e-08, 0.028258
6.291175e-08, 0.028508
6.311175e-08, 0.027007
6.331175e-08, 0.027535
6.351175e-08, 0.029119
6.371175e-08, 0.027813
6.391175e-08, 0.025506
6.411175e-08, 0.024505
6.431175e-08, 0.023449
6.451175e-08, 0.024338
6.471175e-08, 0.025256
6.491175e-08, 0.026868
6.511175e-08, 0.027201
6.531175e-08, 0.027146
6.551175e-08, 0.024505
6.571175e-08, 0.018418
6.591175e-08, 0.016334
6.611175e-08, 0.016250
6.631175e-08, 0.019419
6.651175e-08, 0.022198
6.671175e-08, 0.023004
6.691175e-08, 0.028619
6.711175e-08, 0.033733
6.731175e-08, 0.030148
6.751175e-08, 0.025756
6.771175e-08, 0.025033
6.791175e-08, 0.023894
6.811175e-08, 0.023393
6.831175e-08, 0.021726
6.851175e-08, 0.021976
6.871175e-08, 0.022198
6.891175e-08, 0.022448
6.911175e-08, 0.024227
6.931175e-08, 0.024283
6.951175e-08, 0.021809
6.971175e-08, 0.020392
6.991175e-08, 0.019752
7.011175e-08, 0.018418
7.031175e-08, 0.018418
7.051175e-08, 0.019474
7.071175e-08, 0.021642
7.091175e-08, 0.023505
7.111175e-08, 0.021114
7.131175e-08, 0.018085
7.151175e-08, 0.016306
7.171175e-08, 0.015305
7.191175e-08, 0.015778
7.211175e-08, 0.016500
7.231175e-08, 0.015555
7.251175e-08, 0.016472
7.271175e-08, 0.016195
7.291175e-08, 0.016334
7.311175e-08, 0.016111
7.331175e-08, 0.015361
7.351175e-08, 0.012859
7.371175e-08, 0.013026
7.391175e-08, 0.012553
7.411175e-08, 0.010941
7.431175e-08, 0.010524
7.451175e-08, 0.011414
7.471175e-08, 0.013304
7.491175e-08, 0.013915
7.511175e-08, 0.013415
7.531175e-08, 0.014193
7.551175e-08, 0.013109
7.571175e-08, 0.011803
7.591175e-08, 0.010747
7.611175e-08, 0.009691
7.631175e-08, 0.009996
7.651175e-08, 0.010024
7.671175e-08, 0.009524
7.691175e-08, 0.010663
7.711175e-08, 0.011469
7.731175e-08, 0.010274
7.751175e-08, 0.008745
7.771175e-08, 0.008912
7.791175e-08, 0.008523
7.811175e-08, 0.009023
7.831175e-08, 0.010775
7.851175e-08, 0.010191
7.871175e-08, 0.008551
7.891175e-08, 0.007523
7.911175e-08, 0.008523
7.931175e-08, 0.009357
7.951175e-08, 0.008607
7.971175e-08, 0.008412
7.991175e-08, 0.005855
8.011175e-08, 0.003937
8.031175e-08, 0.006161
8.051175e-08, 0.010830
8.071175e-08, 0.012526
8.091175e-08, 0.011358
8.111175e-08, 0.010330
8.131175e-08, 0.008329
8.151175e-08, 0.006300
8.171175e-08, 0.007995
8.191175e-08, 0.011859
8.211175e-08, 0.014193
8.231175e-08, 0.014833
8.251175e-08, 0.016750
8.271175e-08, 0.018057
8.291175e-08, 0.018585
8.311175e-08, 0.016361
8.331175e-08, 0.016472
8.351175e-08, 0.017723
8.371175e-08, 0.017362
8.391175e-08, 0.015250
8.411175e-08, 0.014221
8.431175e-08, 0.014610
8.451175e-08, 0.016389
8.471175e-08, 0.018057
8.491175e-08, 0.020114
8.511175e-08, 0.021198
8.531175e-08, 0.019586
8.551175e-08, 0.020419
8.571175e-08, 0.019947
8.591175e-08, 0.019836
8.611175e-08, 0.020114
8.631175e-08, 0.021670
8.651175e-08, 0.024700
8.671175e-08, 0.027090
8.691175e-08, 0.028258
8.711175e-08, 0.028897
8.731175e-08, 0.029842
8.751175e-08, 0.029897
8.771175e-08, 0.031315
8.791175e-08, 0.032482
8.811175e-08, 0.034289
8.831175e-08, 0.034317
8.851175e-08, 0.035456
8.871175e-08, 0.036457
8.891175e-08, 0.037569
8.911175e-08, 0.036401
8.931175e-08, 0.037319
8.951175e-08, 0.037597
8.971175e-08, 0.035846
8.991175e-08, 0.035790
9.011175e-08, 0.033622
9.031175e-08, 0.033483
9.051175e-08, 0.033427
9.071175e-08, 0.033900
9.091175e-08, 0.034817
9.111175e-08, 0.034706
9.131175e-08, 0.033233
9.151175e-08, 0.032038
9.171175e-08, 0.032177
9.191175e-08, 0.031176
9.211175e-08, 0.030703
9.231175e-08, 0.029314
9.251175e-08, 0.029953
9.271175e-08, 0.030175
9.291175e-08, 0.030731
9.311175e-08, 0.030064
9.331175e-08, 0.027841
9.351175e-08, 0.028258
9.371175e-08, 0.027618
9.391175e-08, 0.026590
9.411175e-08, 0.024033
9.431175e-08, 0.023310
9.451175e-08, 0.022226
9.471175e-08, 0.024700
9.491175e-08, 0.026896
9.511175e-08, 0.026757
9.531175e-08, 0.026340
9.551175e-08, 0.023894
9.571175e-08, 0.019919
9.591175e-08, 0.018140
9.611175e-08, 0.016750
9.631175e-08, 0.017167
9.651175e-08, 0.019947
9.671175e-08, 0.021726
9.691175e-08, 0.026757
9.711175e-08, 0.031426
9.731175e-08, 0.030426
9.751175e-08, 0.025589
9.771175e-08, 0.024894
9.791175e-08, 0.024978
9.811175e-08, 0.022170
9.831175e-08, 0.022226
9.851175e-08, 0.022365
9.871175e-08, 0.022421
9.891175e-08, 0.023560
9.911175e-08, 0.023783
9.931175e-08, 0.025006
9.951175e-08, 0.025395
9.971175e-08, 0.022087
9.991175e-08, 0.020030
1.001117e-07, 0.019752
1.003118e-07, 0.020169
1.005118e-07, 0.021337
1.007118e-07, 0.022198
1.009118e-07, 0.022949
1.011118e-07, 0.022671
1.013118e-07, 0.021170
1.015117e-07, 0.019752
1.017118e-07, 0.018085
1.019117e-07, 0.018446
1.021118e-07, 0.019308
1.023118e-07, 0.019085
1.025118e-07, 0.018474
1.027118e-07, 0.018168
1.029117e-07, 0.018446
1.031118e-07, 0.017112
1.033117e-07, 0.016750
1.035118e-07, 0.015889
1.037118e-07, 0.015444
1.039118e-07, 0.015027
1.041118e-07, 0.014499
1.043117e-07, 0.012804
1.045118e-07, 0.013359
1.047117e-07, 0.013248
1.049118e-07, 0.014138
1.051118e-07, 0.014638
1.053118e-07, 0.013471
1.055118e-07, 0.011831
1.057117e-07, 0.012359
1.059118e-07, 0.010080
1.061117e-07, 0.009913
1.063118e-07, 0.010524
1.065118e-07, 0.009829
1.067118e-07, 0.010246
1.069118e-07, 0.011553
1.071117e-07, 0.012109
1.073118e-07, 0.010163
1.075117e-07, 0.010302
1.077118e-07, 0.008745
1.079118e-07, 0.008078
1.081118e-07, 0.008940
1.083118e-07, 0.009996
1.085118e-07, 0.010330
1.087118e-07, 0.007689
1.089117e-07, 0.006383
1.091118e-07, 0.006494
1.093117e-07, 0.008384
1.095118e-07, 0.009496
1.097118e-07, 0.008607
1.099118e-07, 0.007356
1.101118e-07, 0.004743
1.103117e-07, 0.007133
1.105118e-07, 0.009135
1.107117e-07, 0.012526
1.109118e-07, 0.013304
1.111118e-07, 0.012553
1.113118e-07, 0.010747
1.115118e-07, 0.008579
1.117117e-07, 0.006661
1.119118e-07, 0.010636
1.121117e-07, 0.015805
1.123118e-07, 0.015194
1.125118e-07, 0.016528
1.127118e-07, 0.018446
1.129118e-07, 0.019836
1.131117e-07, 0.019057
1.133118e-07, 0.018112
1.135117e-07, 0.018891
1.137118e-07, 0.019530
1.139118e-07, 0.018474
1.141118e-07, 0.018502
1.143118e-07, 0.021086
1.145118e-07, 0.021976
1.147118e-07, 0.023338
1.149117e-07, 0.025617
1.151118e-07, 0.026395
1.153118e-07, 0.026868
1.155118e-07, 0.028341
1.157118e-07, 0.029481
1.159118e-07, 0.028313
1.161118e-07, 0.029453
1.163117e-07, 0.030676
1.165118e-07, 0.032065
1.167117e-07, 0.032816
1.169118e-07, 0.034317
1.171118e-07, 0.034122
1.173118e-07, 0.035401
1.175118e-07, 0.036429
1.177117e-07, 0.035790
1.179118e-07, 0.037541
1.181117e-07, 0.037374
1.183118e-07, 0.036540
1.185118e-07, 0.038542
1.187118e-07, 0.038208
1.189118e-07, 0.039375
1.191117e-07, 0.038375
1.193118e-07, 0.038486
1.195117e-07, 0.037736
1.197117e-07, 0.036679
1.199118e-07, 0.034678
1.201118e-07, 0.035623
1.203117e-07, 0.035206
1.205118e-07, 0.035873
1.207118e-07, 0.035151
1.209117e-07, 0.036596
1.211117e-07, 0.036151
1.213118e-07, 0.036624
1.215118e-07, 0.035901
1.217117e-07, 0.034734
1.219118e-07, 0.033844
1.221118e-07, 0.033539
1.223117e-07, 0.033955
1.225117e-07, 0.034706
1.227118e-07, 0.035373
1.229118e-07, 0.036540
1.231117e-07, 0.034261
1.233118e-07, 0.032566
1.235118e-07, 0.033372
1.237117e-07, 0.031676
1.239117e-07, 0.031593
1.241118e-07, 0.031037
1.243118e-07, 0.027618
1.245117e-07, 0.028869
1.247118e-07, 0.029731
1.249118e-07, 0.032955
1.251117e-07, 0.034094
1.253117e-07, 0.033789
1.255118e-07, 0.031398
1.257118e-07, 0.026562
1.259117e-07, 0.023421
1.261118e-07, 0.022921
1.263118e-07, 0.024505
1.265117e-07, 0.026117
1.267117e-07, 0.028174
1.269118e-07, 0.031593
1.271118e-07, 0.035901
1.273117e-07, 0.036207
1.275118e-07, 0.029953
1.277118e-07, 0.028674
1.279117e-07, 0.028702
1.281117e-07, 0.027563
1.283118e-07, 0.025339
1.285118e-07, 0.024033
1.287117e-07, 0.025061
1.289118e-07, 0.026812
1.291118e-07, 0.027201
1.293118e-07, 0.026701
1.295117e-07, 0.025951
1.297118e-07, 0.022254
1.299118e-07, 0.020392
1.301117e-07, 0.021642
1.303118e-07, 0.021059
1.305118e-07, 0.020892
1.307118e-07, 0.023393
1.309117e-07, 0.023755
1.311118e-07, 0.023727
1.313118e-07, 0.021865
1.315117e-07, 0.021170
1.317118e-07, 0.020419
1.319118e-07, 0.018557
1.321118e-07, 0.018835
1.323117e-07, 0.019891
1.325118e-07, 0.020225
1.327118e-07, 0.019558
1.329117e-07, 0.018696
1.331118e-07, 0.018585
1.333118e-07, 0.018057
1.335118e-07, 0.017084
1.337117e-07, 0.017473
1.339118e-07, 0.016028
1.341118e-07, 0.014749
1.343117e-07, 0.014749
1.345118e-07, 0.014193
1.347118e-07, 0.014777
1.349118e-07, 0.016306
1.351117e-07, 0.015333
1.353118e-07, 0.014860
1.355118e-07, 0.014249
1.357117e-07, 0.013137
1.359117e-07, 0.013109
1.361118e-07, 0.013054
1.363118e-07, 0.012136
1.365117e-07, 0.011636
1.367118e-07, 0.010302
1.369118e-07, 0.011720
1.371117e-07, 0.012387
1.373117e-07, 0.012637
1.375118e-07, 0.011303
1.377118e-07, 0.010024
1.379117e-07, 0.008829
1.381118e-07, 0.008495
1.383118e-07, 0.009802
1.385117e-07, 0.009718
1.387117e-07, 0.009746
1.389118e-07, 0.009023
1.391118e-07, 0.008662
1.393117e-07, 0.009496
1.395118e-07, 0.009079
1.397118e-07, 0.008662
1.399117e-07, 0.008579
1.401117e-07, 0.006216
1.403118e-07, 0.007078
1.405118e-07, 0.009552
1.407117e-07, 0.012331
1.409118e-07, 0.013749
1.411118e-07, 0.012359
1.413117e-07, 0.011636
1.415117e-07, 0.009941
1.417118e-07, 0.006494
1.419118e-07, 0.009413
1.421117e-07, 0.013721
1.423118e-07, 0.015833
1.425118e-07, 0.017473
1.427118e-07, 0.018585
1.429117e-07, 0.020475
1.431118e-07, 0.019308
1.433118e-07, 0.019057
1.435117e-07, 0.021587
1.437118e-07, 0.020864
1.439118e-07, 0.021059
1.441118e-07, 0.020753
1.443117e-07, 0.020586
1.445118e-07, 0.020697
1.447118e-07, 0.021448
1.449117e-07, 0.025256
1.451118e-07, 0.027535
1.453118e-07, 0.026367
1.455118e-07, 0.026256
1.457117e-07, 0.025200
1.459118e-07, 0.025422
1.461118e-07, 0.025812
1.463117e-07, 0.027201
1.465118e-07, 0.030036
1.467118e-07, 0.030981
1.469118e-07, 0.031621
1.471117e-07, 0.031398
1.473118e-07, 0.032371
1.475118e-07, 0.034873
1.477117e-07, 0.034122
1.479118e-07, 0.033539
1.481118e-07, 0.033316
1.483118e-07, 0.033733
1.485117e-07, 0.037374
1.487118e-07, 0.036568
1.489118e-07, 0.035595
1.491117e-07, 0.036429
1.493118e-07, 0.036707
1.495118e-07, 0.036540
1.497118e-07, 0.035679
1.499117e-07, 0.035290
1.501118e-07, 0.033872
1.503118e-07, 0.033122
1.505117e-07, 0.032844
1.507117e-07, 0.034873
1.509118e-07, 0.036429
1.511118e-07, 0.035456
1.513117e-07, 0.034400
1.515118e-07, 0.033622
1.517118e-07, 0.031815
1.519117e-07, 0.032065
1.521117e-07, 0.032149
1.523118e-07, 0.031899
1.525118e-07, 0.031343
1.527117e-07, 0.030648
1.529118e-07, 0.031537
1.531118e-07, 0.030981
1.533117e-07, 0.031176
1.535117e-07, 0.029842
1.537118e-07, 0.028452
1.539118e-07, 0.027896
1.541117e-07, 0.026951
1.543118e-07, 0.026201
1.545118e-07, 0.025756
1.547117e-07, 0.026312
1.549117e-07, 0.028258
1.551118e-07, 0.027868
1.553118e-07, 0.027646
1.555117e-07, 0.027396
1.557118e-07, 0.024005
1.559118e-07, 0.019363
1.561117e-07, 0.018585
1.563117e-07, 0.018001
1.565118e-07, 0.021559
1.567118e-07, 0.023366
1.569117e-07, 0.025534
1.571118e-07, 0.031843
1.573118e-07, 0.034094
1.575118e-07, 0.028813
1.577117e-07, 0.025617
1.579118e-07, 0.026062
1.581118e-07, 0.024894
1.583117e-07, 0.023115
1.585118e-07, 0.021642
1.587118e-07, 0.022031
1.589118e-07, 0.023838
1.591117e-07, 0.023866
1.593118e-07, 0.023338
1.595118e-07, 0.025033
1.597117e-07, 0.023560
1.599118e-07, 0.019752
1.601118e-07, 0.021003
1.603118e-07, 0.020002
1.605117e-07, 0.020058
1.607118e-07, 0.022560
1.609118e-07, 0.023199
1.611117e-07, 0.022949
1.613118e-07, 0.022226
1.615118e-07, 0.020614
1.617118e-07, 0.018752
1.619117e-07, 0.019391
1.621118e-07, 0.018029
1.623118e-07, 0.020058
1.625117e-07, 0.020086
1.627118e-07, 0.017695
1.629118e-07, 0.018502
1.631118e-07, 0.019919
1.633117e-07, 0.019808
1.635118e-07, 0.018529
1.637118e-07, 0.016723
1.639117e-07, 0.015611
1.641118e-07, 0.015694
1.643118e-07, 0.015917
1.645118e-07, 0.015083
1.647117e-07, 0.014416
1.649118e-07, 0.015750
1.651118e-07, 0.015722
1.653117e-07, 0.016111
1.655117e-07, 0.015083
1.657118e-07, 0.012581
1.659118e-07, 0.012498
1.661117e-07, 0.010969
1.663118e-07, 0.009941
1.665118e-07, 0.011831
1.667117e-07, 0.011970
1.669117e-07, 0.011136
1.671118e-07, 0.012164
1.673118e-07, 0.012470
1.675117e-07, 0.011191
1.677118e-07, 0.009496
1.679118e-07, 0.008968
1.681117e-07, 0.008940
1.683117e-07, 0.008829
1.685118e-07, 0.008412
1.687118e-07, 0.007439
1.689117e-07, 0.007745
1.691118e-07, 0.007661
1.693118e-07, 0.007661
1.695117e-07, 0.008718
1.697117e-07, 0.008495
1.699118e-07, 0.007161
1.701118e-07, 0.004187
1.703117e-07, 0.004048
1.705118e-07, 0.006744
1.707118e-07, 0.009968
1.709118e-07, 0.011052
1.711117e-07, 0.011136
1.713118e-07, 0.010691
1.715118e-07, 0.010552
1.717117e-07, 0.007884
1.719118e-07, 0.008690
1.721118e-07, 0.013637
1.723118e-07, 0.014610
1.725117e-07, 0.014944
1.727118e-07, 0.017779
1.729118e-07, 0.019891
1.731117e-07, 0.019947
1.733118e-07, 0.018057
1.735118e-07, 0.018557
1.737118e-07, 0.019196
1.739117e-07, 0.018529
1.741118e-07, 0.016889
1.743118e-07, 0.017529
1.745117e-07, 0.018168
1.747118e-07, 0.017306
1.749118e-07, 0.019947
1.751118e-07, 0.021198
1.753117e-07, 0.021531
1.755118e-07, 0.021698
1.757118e-07, 0.019141
1.759117e-07, 0.018140
1.761118e-07, 0.019558
1.763118e-07, 0.021059
1.765118e-07, 0.022699
1.767117e-07, 0.024700
1.769118e-07, 0.025478
1.771118e-07, 0.025311
1.773117e-07, 0.026006
1.775118e-07, 0.027507
1.777118e-07, 0.027952
1.779118e-07, 0.029369
1.781117e-07, 0.027980
1.783118e-07, 0.028786
1.785118e-07, 0.030231
1.787117e-07, 0.029314
1.789118e-07, 0.031232
1.791118e-07, 0.031954
1.793118e-07, 0.030064
1.795117e-07, 0.030676
1.797118e-07, 0.029592
1.799118e-07, 0.028258
1.801117e-07, 0.028258
1.803117e-07, 0.028674
1.805118e-07, 0.028258
1.807118e-07, 0.027702
1.809117e-07, 0.029814
1.811118e-07, 0.028091
1.813118e-07, 0.028563
1.815117e-07, 0.028202
1.817117e-07, 0.027229
1.819118e-07, 0.026673
1.821118e-07, 0.025923
1.823117e-07, 0.026090
1.825118e-07, 0.027146
1.827118e-07, 0.027312
1.829117e-07, 0.027729
1.831117e-07, 0.027590
1.833118e-07, 0.027924
1.835118e-07, 0.027062
1.837117e-07, 0.026840
1.839118e-07, 0.026173
1.841118e-07, 0.024672
1.843117e-07, 0.023588
1.845117e-07, 0.023783
1.847118e-07, 0.023671
1.849118e-07, 0.025673
1.851117e-07, 0.027312
1.853118e-07, 0.028230
1.855118e-07, 0.026506
1.857118e-07, 0.021503
1.859117e-07, 0.018140
1.861118e-07, 0.016695
1.863118e-07, 0.017056
1.865117e-07, 0.019419
1.867118e-07, 0.020586
1.869118e-07, 0.023783
1.871118e-07, 0.029342
1.873117e-07, 0.032566
1.875118e-07, 0.028980
1.877118e-07, 0.025144
1.879117e-07, 0.023699
1.881118e-07, 0.022810
1.883118e-07, 0.022615
1.885118e-07, 0.020030
1.887117e-07, 0.019836
1.889118e-07, 0.022615
1.891118e-07, 0.022143
1.893117e-07, 0.019780
1.895118e-07, 0.021225
1.897118e-07, 0.022198
1.899118e-07, 0.019891
1.901117e-07, 0.017807
1.903118e-07, 0.017167
1.905118e-07, 0.017195
1.907117e-07, 0.017445
1.909118e-07, 0.019808
1.911118e-07, 0.019752
1.913118e-07, 0.018613
1.915117e-07, 0.017751
1.917118e-07, 0.016139
1.919118e-07, 0.017084
1.921117e-07, 0.017279
1.923118e-07, 0.017473
1.925118e-07, 0.016889
1.927118e-07, 0.016778
1.929117e-07, 0.016556
1.931118e-07, 0.017028
1.933118e-07, 0.015750
1.935117e-07, 0.016195
1.937118e-07, 0.015111
1.939118e-07, 0.014249
1.941118e-07, 0.014332
1.943117e-07, 0.012943
1.945118e-07, 0.013137
1.947118e-07, 0.013193
1.949117e-07, 0.014082
1.951118e-07, 0.014416
1.953118e-07, 0.013637
1.955118e-07, 0.013915
1.957117e-07, 0.012804
1.959118e-07, 0.011692
1.961118e-07, 0.010191
1.963117e-07, 0.009829
1.965117e-07, 0.010024
1.967118e-07, 0.009107
1.969118e-07, 0.009607
1.971117e-07, 0.010802
1.973118e-07, 0.010858
1.975118e-07, 0.010302
1.977117e-07, 0.008884
1.979117e-07, 0.008217
1.981118e-07, 0.008329
1.983118e-07, 0.007828
1.985117e-07, 0.007995
1.987118e-07, 0.005827
1.989118e-07, 0.006939
1.991118e-07, 0.007161
1.993117e-07, 0.006855
1.995118e-07, 0.008301
1.997118e-07, 0.007300
1.999117e-07, 0.006855
2.001118e-07, 0.004271
2.003118e-07, 0.001547
2.005118e-07, 0.004910
2.007117e-07, 0.007828
2.009118e-07, 0.011803
2.011118e-07, 0.010858
2.013117e-07, 0.010107
2.015118e-07, 0.009440
2.017118e-07, 0.005049
2.019118e-07, 0.006744
2.021117e-07, 0.010413
2.023118e-07, 0.012553
2.025118e-07, 0.014527
2.027117e-07, 0.014277
2.029118e-07, 0.018168
2.031118e-07, 0.018752
2.033118e-07, 0.016445
2.035117e-07, 0.017112
2.037118e-07, 0.018474
2.039118e-07, 0.015972
2.041117e-07, 0.013888
2.043118e-07, 0.014999
2.045118e-07, 0.016917
2.047118e-07, 0.017001
2.049117e-07, 0.017251
2.051118e-07, 0.018446
2.053118e-07, 0.018529
2.055117e-07, 0.017834
2.057118e-07, 0.018418
2.059118e-07, 0.016917
2.061118e-07, 0.017807
2.063117e-07, 0.018668
2.065118e-07, 0.021031
2.067118e-07, 0.022309
2.069117e-07, 0.023783
2.071118e-07, 0.023783
2.073118e-07, 0.025117
2.075118e-07, 0.026062
2.077117e-07, 0.027507
2.079118e-07, 0.027674
2.081118e-07, 0.027118
2.083117e-07, 0.028424
2.085118e-07, 0.030009
2.087118e-07, 0.030175
2.089118e-07, 0.030898
2.091117e-07, 0.030453
2.093118e-07, 0.029564
2.095118e-07, 0.029008
2.097117e-07, 0.029981
2.099118e-07, 0.030203
2.101118e-07, 0.028397
2.103118e-07, 0.029008
2.105117e-07, 0.029036
2.107118e-07, 0.028730
2.109118e-07, 0.030453
2.111117e-07, 0.029870
2.113117e-07, 0.029119
2.115118e-07, 0.029870
2.117118e-07, 0.029731
2.119117e-07, 0.027535
2.121118e-07, 0.026757
2.123118e-07, 0.025506
2.125117e-07, 0.026645
2.127117e-07, 0.026590
2.129118e-07, 0.027729
2.131118e-07, 0.027479
2.133117e-07, 0.026729
2.135118e-07, 0.026757
2.137118e-07, 0.026034
2.139118e-07, 0.025117
2.141117e-07, 0.024477
2.143118e-07, 0.024116
2.145118e-07, 0.022532
2.147117e-07, 0.023338
2.149118e-07, 0.025422
2.151118e-07, 0.027007
2.153117e-07, 0.027535
2.155117e-07, 0.026701
2.157118e-07, 0.024227
2.159117e-07, 0.018779
2.161117e-07, 0.017195
2.163118e-07, 0.017556
2.165118e-07, 0.019113
2.167117e-07, 0.020280
2.169117e-07, 0.023810
2.171118e-07, 0.028285
2.173117e-07, 0.031815
2.175117e-07, 0.029675
2.177118e-07, 0.024255
2.179118e-07, 0.023616
2.181117e-07, 0.023366
2.183117e-07, 0.021920
2.185118e-07, 0.019891
2.187117e-07, 0.019252
2.189117e-07, 0.022921
2.191118e-07, 0.023366
2.193118e-07, 0.023366
2.195117e-07, 0.024199
2.197117e-07, 0.022170
2.199118e-07, 0.018502
2.201117e-07, 0.017112
2.203117e-07, 0.018029
2.205118e-07, 0.017779
2.207118e-07, 0.017862
2.209117e-07, 0.020364
2.211117e-07, 0.020114
2.213118e-07, 0.020447
2.215117e-07, 0.019308
2.217117e-07, 0.015805
2.219118e-07, 0.016139
2.221118e-07, 0.015611
2.223117e-07, 0.017279
2.225117e-07, 0.017362
2.227118e-07, 0.016083
2.229117e-07, 0.015972
2.231117e-07, 0.015583
2.233118e-07, 0.015277
2.235118e-07, 0.015166
2.237117e-07, 0.015111
2.239117e-07, 0.014416
2.241118e-07, 0.013721
2.243118e-07, 0.012136
2.245117e-07, 0.013137
2.247118e-07, 0.013359
2.249118e-07, 0.014666
2.251117e-07, 0.014527
2.253117e-07, 0.014666
2.255118e-07, 0.013749
2.257118e-07, 0.011692
2.259117e-07, 0.011164
2.261117e-07, 0.010469
2.263118e-07, 0.010608
2.265117e-07, 0.010886
2.267117e-07, 0.009385
2.269118e-07, 0.010497
2.271118e-07, 0.010608
2.273117e-07, 0.010802
2.275117e-07, 0.010691
2.277118e-07, 0.009051
2.279117e-07, 0.007550
2.281117e-07, 0.006605
2.283118e-07, 0.006577
2.285118e-07, 0.007773
2.287117e-07, 0.005994
2.289117e-07, 0.007300
2.291118e-07, 0.006716
2.293117e-07, 0.006828
2.295117e-07, 0.007439
2.297118e-07, 0.007634
2.299118e-07, 0.006216
2.301117e-07, 0.003909
2.303117e-07, 0.003187
2.305118e-07, 0.004799
2.307117e-07, 0.008607
2.309117e-07, 0.010775
2.311118e-07, 0.010330
2.313118e-07, 0.009162
2.315117e-07, 0.008718
2.317117e-07, 0.007133
2.319118e-07, 0.005160
2.321117e-07, 0.008301
2.323117e-07, 0.012915
2.325118e-07, 0.014166
2.327118e-07, 0.016278
2.329117e-07, 0.019280
2.331117e-07, 0.021253
2.333118e-07, 0.019085
2.335117e-07, 0.017584
2.337117e-07, 0.018251
2.339118e-07, 0.019085
2.341118e-07, 0.017362
2.343117e-07, 0.016083
2.345117e-07, 0.017140
2.347118e-07, 0.017779
2.349117e-07, 0.017807
2.351117e-07, 0.018529
2.353118e-07, 0.018807
2.355118e-07, 0.019530
2.357117e-07, 0.019641
2.359117e-07, 0.018752
2.361118e-07, 0.018029
2.363117e-07, 0.018891
2.365117e-07, 0.021476
2.367118e-07, 0.022949
2.369118e-07, 0.026062
2.371117e-07, 0.025144
2.373117e-07, 0.024755
2.375118e-07, 0.027229
2.377117e-07, 0.027618
2.379117e-07, 0.028230
2.381118e-07, 0.028230
2.383118e-07, 0.029675
2.385117e-07, 0.030481
2.387117e-07, 0.030759
2.389118e-07, 0.031537
2.391118e-07, 0.031426
2.393117e-07, 0.033122
2.395118e-07, 0.033761
2.397118e-07, 0.032455
2.399117e-07, 0.031259
2.401117e-07, 0.030370
2.403118e-07, 0.028897
2.405118e-07, 0.029897
2.407117e-07, 0.028591
2.409117e-07, 0.029619
2.411118e-07, 0.030676
2.413117e-07, 0.029786
2.415117e-07, 0.029008
2.417118e-07, 0.029286
2.419118e-07, 0.029091
2.421117e-07, 0.026951
2.423117e-07, 0.026784
2.425118e-07, 0.027674
2.427117e-07, 0.027757
2.429117e-07, 0.029536
2.431118e-07, 0.028202
2.433118e-07, 0.027062
2.435117e-07, 0.026562
2.437117e-07, 0.026340
2.439118e-07, 0.025534
2.441117e-07, 0.026395
2.443117e-07, 0.024561
2.445118e-07, 0.022393
2.447118e-07, 0.021615
2.449117e-07, 0.024060
2.451117e-07, 0.026228
2.453118e-07, 0.025367
2.455117e-07, 0.025144
2.457117e-07, 0.023115
2.459118e-07, 0.018946
2.461118e-07, 0.015861
2.463117e-07, 0.015778
2.465117e-07, 0.017279
2.467118e-07, 0.019613
2.469117e-07, 0.021698
2.471117e-07, 0.024978
2.473118e-07, 0.030175
2.475118e-07, 0.029786
2.477117e-07, 0.025422
2.479117e-07, 0.023505
2.481118e-07, 0.022865
2.483117e-07, 0.022421
2.485117e-07, 0.020920
2.487118e-07, 0.019252
2.489118e-07, 0.020864
2.491117e-07, 0.022448
2.493117e-07, 0.021531
2.495118e-07, 0.021448
2.497117e-07, 0.022560
2.499117e-07, 0.021086
2.501118e-07, 0.018668
2.503118e-07, 0.018112
2.505117e-07, 0.017779
2.507117e-07, 0.017695
2.509118e-07, 0.020447
2.511117e-07, 0.021531
2.513117e-07, 0.021059
2.515118e-07, 0.019836
2.517118e-07, 0.019030
2.519117e-07, 0.017946
2.521117e-07, 0.017362
2.523118e-07, 0.018140
2.525118e-07, 0.018196
2.527117e-07, 0.016306
2.529118e-07, 0.017390
2.531118e-07, 0.017584
2.533117e-07, 0.016667
2.535117e-07, 0.017223
2.537118e-07, 0.016195
2.539118e-07, 0.014221
2.541117e-07, 0.014666
2.543118e-07, 0.014833
2.545118e-07, 0.014193
2.547117e-07, 0.013332
2.549117e-07, 0.013220
2.551118e-07, 0.013943
2.553118e-07, 0.014666
2.555117e-07, 0.013888
2.557118e-07, 0.012720
2.559118e-07, 0.010636
2.561117e-07, 0.010107
2.563117e-07, 0.009941
2.565118e-07, 0.009357
2.567118e-07, 0.008495
2.569117e-07, 0.009746
2.571117e-07, 0.010719
2.573118e-07, 0.011164
2.575117e-07, 0.010552
2.577117e-07, 0.009190
2.579118e-07, 0.009218
2.581118e-07, 0.007189
2.583117e-07, 0.008134
2.585117e-07, 0.009579
2.587118e-07, 0.007078
2.589117e-07, 0.006188
2.591117e-07, 0.006772
2.593118e-07, 0.008162
2.595118e-07, 0.009524
2.597117e-07, 0.008495
2.599117e-07, 0.006411
2.601118e-07, 0.004882
2.603117e-07, 0.002353
2.605117e-07, 0.004437
2.607118e-07, 0.007384
2.609118e-07, 0.012025
2.611117e-07, 0.011414
2.613117e-07, 0.008662
2.615118e-07, 0.008329
2.617117e-07, 0.007411
2.619117e-07, 0.005966
2.621118e-07, 0.008968
2.623118e-07, 0.011747
2.625117e-07, 0.014833
2.627117e-07, 0.015583
2.629118e-07, 0.018446
2.631117e-07, 0.020364
2.633117e-07, 0.020030
2.635118e-07, 0.019113
2.637118e-07, 0.018363
2.639117e-07, 0.017251
2.641117e-07, 0.016111
2.643118e-07, 0.015889
2.645117e-07, 0.018001
2.647117e-07, 0.018335
2.649118e-07, 0.019113
2.651118e-07, 0.018418
2.653117e-07, 0.018446
2.655117e-07, 0.019169
2.657118e-07, 0.019613
2.659117e-07, 0.018613
2.661117e-07, 0.016278
2.663118e-07, 0.017584
2.665118e-07, 0.019975
2.667117e-07, 0.022198
2.669117e-07, 0.025200
2.671118e-07, 0.024811
2.673118e-07, 0.023949
2.675117e-07, 0.026090
2.677118e-07, 0.027451
2.679118e-07, 0.026979
2.681117e-07, 0.026645
2.683117e-07, 0.027368
2.685118e-07, 0.028202
2.687118e-07, 0.029508
2.689117e-07, 0.031232
2.691118e-07, 0.030703
2.693118e-07, 0.031315
2.695117e-07, 0.031343
2.697117e-07, 0.030870
2.699118e-07, 0.029981
2.701118e-07, 0.027868
2.703117e-07, 0.027896
2.705118e-07, 0.028035
2.707118e-07, 0.028841
2.709117e-07, 0.029842
2.711117e-07, 0.030231
2.713118e-07, 0.029897
2.715118e-07, 0.029758
2.717117e-07, 0.028786
2.719117e-07, 0.027702
2.721118e-07, 0.027646
2.723117e-07, 0.026673
2.725117e-07, 0.025339
2.727118e-07, 0.026923
2.729118e-07, 0.028174
2.731117e-07, 0.027813
2.733117e-07, 0.026979
2.735118e-07, 0.026979
2.737117e-07, 0.027924
2.739117e-07, 0.027312
2.741118e-07, 0.025978
2.743118e-07, 0.025061
2.745117e-07, 0.023227
2.747117e-07, 0.022865
2.749118e-07, 0.024144
2.751117e-07, 0.026145
2.753117e-07, 0.027841
2.755118e-07, 0.026868
2.757118e-07, 0.024116
2.759117e-07, 0.020447
2.761117e-07, 0.017640
2.763118e-07, 0.017279
2.765117e-07, 0.018835
2.767117e-07, 0.019419
2.769118e-07, 0.022504
2.771118e-07, 0.024922
2.773117e-07, 0.029953
2.775117e-07, 0.030648
2.777118e-07, 0.025673
2.779117e-07, 0.024589
2.781117e-07, 0.022754
2.783118e-07, 0.022865
2.785118e-07, 0.020892
2.787117e-07, 0.018974
2.789117e-07, 0.020531
2.791118e-07, 0.023338
2.793117e-07, 0.023588
2.795117e-07, 0.022921
2.797118e-07, 0.022921
2.799118e-07, 0.020114
2.801117e-07, 0.017473
2.803117e-07, 0.017306
2.805118e-07, 0.016667
2.807118e-07, 0.017390
2.809117e-07, 0.019308
2.811118e-07, 0.019863
2.813118e-07, 0.021031
2.815117e-07, 0.019724
2.817117e-07, 0.018224
2.819118e-07, 0.017501
2.821118e-07, 0.016472
2.823117e-07, 0.016917
2.825118e-07, 0.016973
2.827118e-07, 0.016361
2.829117e-07, 0.015222
2.831117e-07, 0.016389
2.833118e-07, 0.016361
2.835118e-07, 0.015750
2.837117e-07, 0.015500
2.839118e-07, 0.014443
2.841118e-07, 0.012943
2.843117e-07, 0.012609
2.845117e-07, 0.013888
2.847118e-07, 0.012998
2.849118e-07, 0.012915
2.851117e-07, 0.014416
2.853118e-07, 0.015722
2.855118e-07, 0.015083
2.857117e-07, 0.013971
2.859117e-07, 0.012359
2.861118e-07, 0.010191
2.863118e-07, 0.009051
2.865117e-07, 0.009774
2.867117e-07, 0.009552
2.869118e-07, 0.009579
2.871117e-07, 0.009579
2.873117e-07, 0.009607
2.875118e-07, 0.010024
2.877118e-07, 0.008662
2.879117e-07, 0.007939
2.881117e-07, 0.005994
2.883118e-07, 0.005938
2.885117e-07, 0.008245
2.887117e-07, 0.008051
2.889118e-07, 0.006439
2.891118e-07, 0.006466
2.893117e-07, 0.006327
2.895117e-07, 0.007995
2.897118e-07, 0.007773
2.899117e-07, 0.007133
2.901117e-07, 0.004298
2.903118e-07, 0.002241
2.905118e-07, 0.001880
2.907117e-07, 0.004687
2.909117e-07, 0.009496
2.911118e-07, 0.011191
2.913117e-07, 0.008190
2.915117e-07, 0.008217
2.917118e-07, 0.007550
2.919118e-07, 0.004215
2.921117e-07, 0.007717
2.923117e-07, 0.011914
2.925118e-07, 0.013054
2.927117e-07, 0.013359
2.929117e-07, 0.015666
2.931118e-07, 0.017584
2.933118e-07, 0.017584
2.935117e-07, 0.016389
2.937117e-07, 0.016083
2.939118e-07, 0.016695
2.941117e-07, 0.014138
2.943117e-07, 0.012692
2.945118e-07, 0.015583
2.947118e-07, 0.016361
2.949117e-07, 0.017084
2.951117e-07, 0.017695
2.953118e-07, 0.018724
2.955118e-07, 0.018446
2.957117e-07, 0.017946
2.959118e-07, 0.018335
2.961118e-07, 0.016806
2.963117e-07, 0.017640
2.965117e-07, 0.019391
2.967118e-07, 0.021170
2.969118e-07, 0.023282
2.971117e-07, 0.024060
2.973118e-07, 0.024867
2.975118e-07, 0.025339
2.977117e-07, 0.024616
2.979117e-07, 0.026534
2.981118e-07, 0.026840
2.983118e-07, 0.025895
2.985117e-07, 0.026340
2.987118e-07, 0.028258
2.989118e-07, 0.030676
2.991117e-07, 0.031232
2.993117e-07, 0.031009
2.995118e-07, 0.031204
2.997118e-07, 0.029675
2.999117e-07, 0.030314
3.001118e-07, 0.028424
3.003118e-07, 0.027563
3.005117e-07, 0.027174
3.007117e-07, 0.026645
3.009118e-07, 0.028313
3.011118e-07, 0.028869
3.013117e-07, 0.028202
3.015117e-07, 0.027729
3.017118e-07, 0.027201
3.019117e-07, 0.026645
3.021117e-07, 0.026840
3.023118e-07, 0.025617
3.025118e-07, 0.025311
3.027117e-07, 0.024978
3.029117e-07, 0.026062
3.031118e-07, 0.028063
3.033117e-07, 0.027201
3.035117e-07, 0.026590
3.037118e-07, 0.025061
3.039118e-07, 0.024561
3.041117e-07, 0.024867
3.043117e-07, 0.023699
3.045118e-07, 0.021865
3.047117e-07, 0.022254
3.049117e-07, 0.023310
3.051118e-07, 0.025144
3.053118e-07, 0.025756
3.055117e-07, 0.024783
3.057117e-07, 0.024672
3.059118e-07, 0.021920
3.061117e-07, 0.016195
3.063117e-07, 0.014527
3.065118e-07, 0.015166
3.067118e-07, 0.018863
3.069117e-07, 0.021364
3.071117e-07, 0.024450
3.073118e-07, 0.029758
3.075117e-07, 0.031454
3.077117e-07, 0.026645
3.079118e-07, 0.023227
3.081118e-07, 0.023254
3.083117e-07, 0.022059
3.085117e-07, 0.019919
3.087118e-07, 0.017890
3.089118e-07, 0.019669
3.091117e-07, 0.021503
3.093118e-07, 0.021281
3.095118e-07, 0.021698
3.097117e-07, 0.021059
3.099117e-07, 0.019280
3.101118e-07, 0.018085
3.103118e-07, 0.018613
3.105117e-07, 0.017946
3.107118e-07, 0.016862
3.109118e-07, 0.018307
3.111117e-07, 0.019002
3.113117e-07, 0.019641
3.115118e-07, 0.018752
3.117118e-07, 0.015805
3.119117e-07, 0.015472
3.121118e-07, 0.016250
3.123118e-07, 0.015833
3.125117e-07, 0.017334
3.127117e-07, 0.017445
3.129118e-07, 0.016667
3.131118e-07, 0.015055
3.133117e-07, 0.016500
3.135118e-07, 0.016389
3.137118e-07, 0.015277
3.139117e-07, 0.014277
3.141117e-07, 0.013332
3.143118e-07, 0.013359
3.145118e-07, 0.012359
3.147117e-07, 0.012025
3.149118e-07, 0.013165
3.151118e-07, 0.014388
3.153117e-07, 0.013915
3.155117e-07, 0.014888
3.157118e-07, 0.013276
3.159118e-07, 0.010941
3.161117e-07, 0.009635
3.163118e-07, 0.009190
3.165118e-07, 0.010858
3.167117e-07, 0.009607
3.169117e-07, 0.009718
3.171118e-07, 0.010191
3.173118e-07, 0.010775
3.175117e-07, 0.011330
3.177117e-07, 0.010997
3.179118e-07, 0.008801
3.181117e-07, 0.006439
3.183117e-07, 0.005549
3.185118e-07, 0.007467
3.187118e-07, 0.007967
3.189117e-07, 0.007022
3.191117e-07, 0.006661
3.193118e-07, 0.006661
3.195117e-07, 0.006272
3.197117e-07, 0.005994
3.199118e-07, 0.006800
3.201118e-07, 0.006383
3.203117e-07, 0.003464
3.205117e-07, 0.002853
3.207118e-07, 0.005188
3.209117e-07, 0.008968
3.211117e-07, 0.009663
3.213118e-07, 0.009996
3.215118e-07, 0.008162
3.217117e-07, 0.006911
3.219117e-07, 0.005188
3.221118e-07, 0.005744
3.223117e-07, 0.010274
3.225117e-07, 0.013443
3.227118e-07, 0.014666
3.229118e-07, 0.015833
3.231117e-07, 0.017112
3.233117e-07, 0.016889
3.235118e-07, 0.016695
3.237118e-07, 0.018807
3.239117e-07, 0.018502
3.241118e-07, 0.017195
3.243118e-07, 0.015889
3.245117e-07, 0.017946
3.247117e-07, 0.018085
3.249118e-07, 0.018085
3.251118e-07, 0.020197
3.253117e-07, 0.022643
3.255118e-07, 0.023894
3.257118e-07, 0.024450
3.259117e-07, 0.025228
3.261117e-07, 0.023866
3.263118e-07, 0.024283
3.265118e-07, 0.025839
3.267117e-07, 0.026757
3.269118e-07, 0.028146
3.271118e-07, 0.029814
3.273117e-07, 0.031954
3.275117e-07, 0.030787
3.277118e-07, 0.031732
3.279118e-07, 0.032260
3.281117e-07, 0.031704
3.283118e-07, 0.032649
3.285118e-07, 0.034845
3.287117e-07, 0.034345
3.289117e-07, 0.035262
3.291118e-07, 0.034317
3.293118e-07, 0.034984
3.295117e-07, 0.035067
3.297118e-07, 0.033983
3.299118e-07, 0.034067
3.301117e-07, 0.032316
3.303117e-07, 0.031676
3.305118e-07, 0.030981
3.307118e-07, 0.032093
3.309117e-07, 0.032927
3.311118e-07, 0.032677
3.313118e-07, 0.033622
3.315117e-07, 0.034817
3.317117e-07, 0.034317
3.319118e-07, 0.032733
3.321118e-07, 0.031871
3.323117e-07, 0.032316
3.325117e-07, 0.032232
3.327118e-07, 0.031259
3.329117e-07, 0.031926
3.331117e-07, 0.031704
3.333118e-07, 0.032871
3.335118e-07, 0.033427
3.337117e-07, 0.031760
3.339117e-07, 0.030481
3.341118e-07, 0.030092
3.343117e-07, 0.029286
3.345117e-07, 0.028341
3.347118e-07, 0.026645
3.349118e-07, 0.027201
3.351117e-07, 0.029536
3.353117e-07, 0.032343
3.355118e-07, 0.031259
3.357117e-07, 0.029897
3.359117e-07, 0.026701
3.361118e-07, 0.021309
3.363118e-07, 0.020447
3.365117e-07, 0.020947
3.367117e-07, 0.022587
3.369118e-07, 0.024839
3.371118e-07, 0.027563
3.373117e-07, 0.032927
3.375118e-07, 0.035262
3.377118e-07, 0.030481
3.379117e-07, 0.027479
3.381117e-07, 0.025839
3.383118e-07, 0.025144
3.385118e-07, 0.023977
3.387117e-07, 0.021726
3.389118e-07, 0.022170
3.391118e-07, 0.023977
3.393117e-07, 0.023783
3.395117e-07, 0.023532
3.397118e-07, 0.025006
3.399118e-07, 0.023477
3.401117e-07, 0.020308
3.403118e-07, 0.019113
3.405118e-07, 0.019752
3.407117e-07, 0.018307
3.409117e-07, 0.019669
3.411118e-07, 0.021476
3.413118e-07, 0.021420
3.415117e-07, 0.021698
3.417118e-07, 0.019975
3.419118e-07, 0.018140
3.421117e-07, 0.017501
3.423117e-07, 0.018363
3.425118e-07, 0.018529
3.427118e-07, 0.017807
3.429117e-07, 0.017306
3.431118e-07, 0.017640
3.433118e-07, 0.017723
3.435117e-07, 0.017946
3.437117e-07, 0.018001
3.439118e-07, 0.015694
3.441118e-07, 0.012692
3.443117e-07, 0.013832
3.445118e-07, 0.014833
3.447118e-07, 0.014193
3.449117e-07, 0.014860
3.451117e-07, 0.016361
3.453118e-07, 0.014999
3.455118e-07, 0.015083
3.457117e-07, 0.014304
3.459118e-07, 0.013387
3.461118e-07, 0.011497
3.463117e-07, 0.010358
3.465117e-07, 0.010663
3.467118e-07, 0.010802
3.469118e-07, 0.010580
3.471117e-07, 0.010663
3.473117e-07, 0.012025
3.475118e-07, 0.011831
3.477117e-07, 0.010135
3.479117e-07, 0.009524
3.481118e-07, 0.008356
3.483118e-07, 0.008634
3.485117e-07, 0.010191
3.487117e-07, 0.009496
3.489118e-07, 0.008662
3.491117e-07, 0.006855
3.493117e-07, 0.007689
3.495118e-07, 0.008051
3.497118e-07, 0.007217
3.499117e-07, 0.006911
3.501117e-07, 0.006577
3.503118e-07, 0.004548
3.505117e-07, 0.004826
3.507117e-07, 0.006716
3.509118e-07, 0.009941
3.511118e-07, 0.010608
3.513117e-07, 0.010858
3.515117e-07, 0.010385
3.517118e-07, 0.009246
3.519118e-07, 0.005660
3.521117e-07, 0.005327
3.523118e-07, 0.010024
3.525118e-07, 0.013248
3.527117e-07, 0.014860
3.529117e-07, 0.017445
3.531118e-07, 0.017807
3.533118e-07, 0.018279
3.535117e-07, 0.016334
3.537118e-07, 0.016167
3.539118e-07, 0.018752
3.541117e-07, 0.018085
3.543117e-07, 0.016889
3.545118e-07, 0.018224
3.547118e-07, 0.018863
3.549117e-07, 0.020920
3.551118e-07, 0.023254
3.553118e-07, 0.025339
3.555117e-07, 0.025033
3.557117e-07, 0.024728
3.559118e-07, 0.024422
3.561118e-07, 0.023755
3.563117e-07, 0.024644
3.565118e-07, 0.025700
3.567118e-07, 0.027312
3.569117e-07, 0.028841
3.571117e-07, 0.029008
3.573118e-07, 0.030426
3.575118e-07, 0.032260
3.577117e-07, 0.033149
3.579118e-07, 0.033817
3.581118e-07, 0.033010
3.583117e-07, 0.033205
3.585117e-07, 0.034345
3.587118e-07, 0.035123
3.589118e-07, 0.036235
3.591117e-07, 0.035456
3.593118e-07, 0.036568
3.595118e-07, 0.036429
3.597117e-07, 0.036930
3.599117e-07, 0.036096
3.601118e-07, 0.034817
3.603118e-07, 0.034317
3.605117e-07, 0.033205
3.607118e-07, 0.031760
3.609118e-07, 0.032844
3.611117e-07, 0.034289
3.613117e-07, 0.034345
3.615118e-07, 0.034289
3.617118e-07, 0.033678
3.619117e-07, 0.033316
3.621117e-07, 0.030565
3.623118e-07, 0.029981
3.625117e-07, 0.030731
3.627117e-07, 0.029342
3.629118e-07, 0.030342
3.631118e-07, 0.031204
3.633117e-07, 0.030426
3.635117e-07, 0.029453
3.637118e-07, 0.029147
3.639117e-07, 0.029008
3.641117e-07, 0.027424
3.643118e-07, 0.027174
3.645118e-07, 0.025617
3.647117e-07, 0.023949
3.649117e-07, 0.025367
3.651118e-07, 0.026284
3.653118e-07, 0.028341
3.655117e-07, 0.029147
3.657118e-07, 0.027535
3.659118e-07, 0.024589
3.661117e-07, 0.020642
3.663117e-07, 0.017584
3.665118e-07, 0.018807
3.667118e-07, 0.020197
3.669117e-07, 0.023588
3.671118e-07, 0.025561
3.673118e-07, 0.029619
3.675117e-07, 0.033261
3.677117e-07, 0.030342
3.679118e-07, 0.027396
3.681118e-07, 0.025867
3.683117e-07, 0.025534
3.685118e-07, 0.024811
3.687118e-07, 0.021448
3.689117e-07, 0.020836
3.691117e-07, 0.022560
3.693118e-07, 0.026312
3.695118e-07, 0.024672
3.697117e-07, 0.024338
3.699118e-07, 0.023532
3.701118e-07, 0.018390
3.703117e-07, 0.018807
3.705117e-07, 0.020920
3.707118e-07, 0.019724
3.709118e-07, 0.019724
3.711117e-07, 0.022059
3.713118e-07, 0.022615
3.715118e-07, 0.023282
3.717117e-07, 0.020141
3.719117e-07, 0.018891
3.721118e-07, 0.017001
3.723118e-07, 0.016584
3.725117e-07, 0.019169
3.727118e-07, 0.017890
3.729118e-07, 0.016611
3.731117e-07, 0.016917
3.733117e-07, 0.018279
3.735118e-07, 0.017779
3.737118e-07, 0.017584
3.739117e-07, 0.016056
3.741118e-07, 0.015694
3.743118e-07, 0.014249
3.745117e-07, 0.013443
3.747117e-07, 0.012637
3.749118e-07, 0.014110
3.751118e-07, 0.013304
3.753117e-07, 0.013721
3.755118e-07, 0.014860
3.757118e-07, 0.013137
3.759117e-07, 0.011581
3.761117e-07, 0.011692
3.763118e-07, 0.011553
3.765118e-07, 0.010330
3.767117e-07, 0.009135
3.769118e-07, 0.010274
3.771118e-07, 0.009802
3.773117e-07, 0.010524
3.775117e-07, 0.011970
3.777118e-07, 0.011442
3.779118e-07, 0.009663
3.781117e-07, 0.008495
3.783117e-07, 0.006605
3.785118e-07, 0.007133
3.787117e-07, 0.007578
3.789117e-07, 0.007578
3.791118e-07, 0.007773
3.793118e-07, 0.006939
3.795117e-07, 0.006911
3.797117e-07, 0.007967
3.799118e-07, 0.007773
3.801118e-07, 0.007133
3.803117e-07, 0.004548
3.805118e-07, 0.003214
3.807118e-07, 0.003325
3.809117e-07, 0.008607
3.811117e-07, 0.011636
3.813118e-07, 0.010580
3.815118e-07, 0.009635
3.817117e-07, 0.008662
3.819118e-07, 0.006522
3.821118e-07, 0.005632
3.823117e-07, 0.008356
3.825117e-07, 0.012303
3.827118e-07, 0.014388
3.829118e-07, 0.016973
3.831117e-07, 0.018613
3.833118e-07, 0.018390
3.835118e-07, 0.016695
3.837117e-07, 0.016639
3.839117e-07, 0.017973
3.841118e-07, 0.016973
3.843118e-07, 0.015111
3.845117e-07, 0.014054
3.847118e-07, 0.013304
3.849118e-07, 0.014916
3.851117e-07, 0.016695
3.853117e-07, 0.018474
3.855118e-07, 0.019308
3.857118e-07, 0.019057
3.859117e-07, 0.019308
3.861118e-07, 0.017501
3.863118e-07, 0.017501
3.865117e-07, 0.019502
3.867117e-07, 0.020531
3.869118e-07, 0.022365
3.871118e-07, 0.023699
3.873117e-07, 0.024422
3.875118e-07, 0.025700
3.877118e-07, 0.025561
3.879117e-07, 0.025978
3.881117e-07, 0.026284
3.883118e-07, 0.026173
3.885118e-07, 0.027090
3.887117e-07, 0.026784
3.889118e-07, 0.027757
3.891118e-07, 0.029647
3.893117e-07, 0.029897
3.895117e-07, 0.031065
3.897118e-07, 0.030259
3.899118e-07, 0.030148
3.901117e-07, 0.028897
3.903118e-07, 0.027924
3.905118e-07, 0.028952
3.907117e-07, 0.027590
3.909117e-07, 0.028007
3.911118e-07, 0.029508
3.913118e-07, 0.029647
3.915117e-07, 0.030926
3.917118e-07, 0.028841
3.919118e-07, 0.027868
3.921117e-07, 0.027646
3.923117e-07, 0.026784
3.925118e-07, 0.026228
3.927118e-07, 0.025867
3.929117e-07, 0.026451
3.931117e-07, 0.026840
3.933118e-07, 0.026896
3.935118e-07, 0.026201
3.937117e-07, 0.027257
3.939118e-07, 0.027007
3.941118e-07, 0.025422
3.943117e-07, 0.025506
3.945117e-07, 0.022532
3.947118e-07, 0.021392
3.949118e-07, 0.022031
3.951117e-07, 0.023282
3.953118e-07, 0.025673
3.955118e-07, 0.026423
3.957117e-07, 0.025506
3.959117e-07, 0.023338
3.961118e-07, 0.019057
3.963118e-07, 0.015111
3.965117e-07, 0.015972
3.967118e-07, 0.017890
3.969118e-07, 0.020280
3.971117e-07, 0.021587
3.973117e-07, 0.024700
3.975118e-07, 0.030203
3.977118e-07, 0.030175
3.979117e-07, 0.024755
3.981118e-07, 0.022865
3.983118e-07, 0.023505
3.985117e-07, 0.022532
3.987117e-07, 0.020475
3.989118e-07, 0.018918
3.991118e-07, 0.020225
3.993117e-07, 0.021503
3.995118e-07, 0.021837
3.997118e-07, 0.020836
3.999117e-07, 0.020197
4.001117e-07, 0.017084
4.003118e-07, 0.016139
4.005118e-07, 0.017056
4.007117e-07, 0.015778
4.009118e-07, 0.017167
4.011118e-07, 0.018418
4.013117e-07, 0.020670
4.015117e-07, 0.021170
4.017118e-07, 0.019252
4.019118e-07, 0.018112
4.021117e-07, 0.016278
4.023118e-07, 0.015917
4.025118e-07, 0.016639
4.027117e-07, 0.016667
4.029117e-07, 0.017001
4.031118e-07, 0.017640
4.033118e-07, 0.017001
4.035117e-07, 0.017668
4.037118e-07, 0.016361
4.039118e-07, 0.015027
4.041117e-07, 0.013860
4.043117e-07, 0.012887
4.045118e-07, 0.014221
4.047118e-07, 0.013943
4.049117e-07, 0.012192
4.051118e-07, 0.012859
4.053118e-07, 0.014277
4.055117e-07, 0.014249
4.057117e-07, 0.013665
4.059118e-07, 0.011859
4.061118e-07, 0.010469
4.063117e-07, 0.010302
4.065118e-07, 0.010580
4.067118e-07, 0.009829
4.069117e-07, 0.008134
4.071117e-07, 0.008801
4.073118e-07, 0.010663
4.075118e-07, 0.012498
4.077117e-07, 0.012442
4.079117e-07, 0.010135
4.081118e-07, 0.007411
4.083118e-07, 0.007022
4.085117e-07, 0.007828
4.087118e-07, 0.008245
4.089118e-07, 0.007578
4.091117e-07, 0.006716
4.093117e-07, 0.006661
4.095118e-07, 0.006133
4.097118e-07, 0.005799
4.099117e-07, 0.006188
4.101118e-07, 0.005855
4.103118e-07, 0.004437
4.105117e-07, 0.002575
4.107117e-07, 0.002825
4.109118e-07, 0.007356
4.111118e-07, 0.010441
4.113117e-07, 0.009774
4.115118e-07, 0.008773
4.117118e-07, 0.007717
4.119117e-07, 0.004799
4.121117e-07, 0.004548
4.123118e-07, 0.007856
4.125118e-07, 0.011497
4.127117e-07, 0.012637
4.129118e-07, 0.014277
4.131118e-07, 0.014777
4.133117e-07, 0.017001
4.135117e-07, 0.017418
4.137118e-07, 0.017279
4.139118e-07, 0.018390
4.141117e-07, 0.018446
4.143118e-07, 0.015222
4.145118e-07, 0.014582
4.147117e-07, 0.014860
4.149117e-07, 0.016917
4.151118e-07, 0.018668
4.153118e-07, 0.019558
4.155117e-07, 0.019641
4.157118e-07, 0.019613
4.159118e-07, 0.019141
4.161117e-07, 0.018835
4.163117e-07, 0.017890
4.165118e-07, 0.019085
4.167118e-07, 0.020253
4.169117e-07, 0.022337
4.171118e-07, 0.024672
4.173118e-07, 0.025283
4.175117e-07, 0.024922
4.177117e-07, 0.026923
4.179118e-07, 0.027702
4.181118e-07, 0.027201
4.183117e-07, 0.027312
4.185118e-07, 0.027174
4.187118e-07, 0.027118
4.189117e-07, 0.028313
4.191117e-07, 0.029453
4.193118e-07, 0.031065
4.195118e-07, 0.030175
4.197117e-07, 0.029258
4.199118e-07, 0.028897
4.201118e-07, 0.029842
4.203117e-07, 0.029008
4.205117e-07, 0.028647
4.207118e-07, 0.027841
4.209118e-07, 0.027785
4.211117e-07, 0.028424
4.213118e-07, 0.029647
4.215118e-07, 0.029675
4.217118e-07, 0.028258
4.219117e-07, 0.027757
4.221118e-07, 0.026090
4.223118e-07, 0.025256
4.225117e-07, 0.025756
4.227117e-07, 0.026618
4.229118e-07, 0.027007
4.231118e-07, 0.027312
4.233117e-07, 0.026840
4.235118e-07, 0.027479
4.237118e-07, 0.027396
4.239117e-07, 0.025923
4.241117e-07, 0.026340
4.243118e-07, 0.025561
4.245118e-07, 0.023866
4.247117e-07, 0.022059
4.249118e-07, 0.022921
4.251118e-07, 0.024505
4.253117e-07, 0.024811
4.255117e-07, 0.025033
4.257118e-07, 0.024450
4.259118e-07, 0.023949
4.261117e-07, 0.019863
4.263118e-07, 0.016334
4.265118e-07, 0.016389
4.267117e-07, 0.018168
4.269117e-07, 0.020614
4.271118e-07, 0.022115
4.273118e-07, 0.025339
4.275117e-07, 0.031093
4.277118e-07, 0.030870
4.279118e-07, 0.025561
4.281117e-07, 0.023282
4.283117e-07, 0.022810
4.285118e-07, 0.020614
4.287118e-07, 0.018946
4.289117e-07, 0.017779
4.291118e-07, 0.020697
4.293118e-07, 0.022226
4.295117e-07, 0.021559
4.297117e-07, 0.021420
4.299118e-07, 0.021448
4.301118e-07, 0.018891
4.303117e-07, 0.017084
4.305118e-07, 0.019391
4.307118e-07, 0.017918
4.309117e-07, 0.016222
4.311117e-07, 0.018835
4.313118e-07, 0.019586
4.315118e-07, 0.020169
4.317117e-07, 0.018752
4.319118e-07, 0.016667
4.321118e-07, 0.016500
4.323117e-07, 0.016056
4.325117e-07, 0.016195
4.327118e-07, 0.014944
4.329118e-07, 0.015778
4.331117e-07, 0.015694
4.333118e-07, 0.014972
4.335118e-07, 0.016028
4.337117e-07, 0.016250
4.339117e-07, 0.015833
4.341118e-07, 0.013943
4.343118e-07, 0.013943
4.345117e-07, 0.012748
4.347118e-07, 0.012136
4.349118e-07, 0.012442
4.351117e-07, 0.013165
4.353117e-07, 0.014555
4.355118e-07, 0.014749
4.357118e-07, 0.014527
4.359117e-07, 0.013749
4.361118e-07, 0.012275
4.363118e-07, 0.011664
4.365118e-07, 0.010469
4.367117e-07, 0.008190
4.369118e-07, 0.009885
4.371118e-07, 0.010358
4.373117e-07, 0.009802
4.375118e-07, 0.010858
4.377118e-07, 0.010608
4.379118e-07, 0.009301
4.381117e-07, 0.008801
4.383118e-07, 0.006550
4.385118e-07, 0.007689
4.387117e-07, 0.008718
4.389117e-07, 0.008968
4.391118e-07, 0.007967
4.393118e-07, 0.006466
4.395117e-07, 0.006772
4.397118e-07, 0.007523
4.399118e-07, 0.007495
4.401117e-07, 0.006439
4.403117e-07, 0.004965
4.405118e-07, 0.003159
4.407118e-07, 0.003187
4.409117e-07, 0.007384
4.411118e-07, 0.011136
4.413118e-07, 0.011525
4.415117e-07, 0.010024
4.417117e-07, 0.008884
4.419118e-07, 0.007523
4.421118e-07, 0.004548
4.423117e-07, 0.007106
4.425118e-07, 0.010246
4.427118e-07, 0.011664
4.429117e-07, 0.014110
4.431117e-07, 0.014972
4.433118e-07, 0.016306
4.435118e-07, 0.017668
4.437117e-07, 0.015333
4.439118e-07, 0.017195
4.441118e-07, 0.017918
4.443117e-07, 0.014888
4.445117e-07, 0.014499
4.447118e-07, 0.013804
4.449118e-07, 0.016584
4.451117e-07, 0.017418
4.453118e-07, 0.018085
4.455118e-07, 0.019169
4.457117e-07, 0.017862
4.459117e-07, 0.016889
4.461118e-07, 0.016917
4.463118e-07, 0.018085
4.465117e-07, 0.018279
4.467118e-07, 0.017584
4.469118e-07, 0.019752
4.471117e-07, 0.022393
4.473117e-07, 0.024589
4.475118e-07, 0.023505
4.477118e-07, 0.024366
4.479117e-07, 0.025144
4.481118e-07, 0.024783
4.483118e-07, 0.026479
4.485117e-07, 0.028230
4.487117e-07, 0.027729
4.489118e-07, 0.028952
4.491118e-07, 0.029453
4.493117e-07, 0.030342
4.495118e-07, 0.030148
4.497118e-07, 0.031343
4.499118e-07, 0.031315
4.501117e-07, 0.029481
4.503118e-07, 0.029342
4.505118e-07, 0.028313
4.507117e-07, 0.027257
4.509118e-07, 0.028230
4.511118e-07, 0.028535
4.513118e-07, 0.028702
4.515117e-07, 0.029731
4.517118e-07, 0.030148
4.519118e-07, 0.028285
4.521117e-07, 0.028230
4.523118e-07, 0.026896
4.525118e-07, 0.027618
4.527118e-07, 0.028146
4.529117e-07, 0.027312
4.531118e-07, 0.028480
4.533118e-07, 0.028730
4.535118e-07, 0.028369
4.537118e-07, 0.027841
4.539117e-07, 0.027118
4.541117e-07, 0.025422
4.543117e-07, 0.024894
4.545118e-07, 0.024561
4.547118e-07, 0.022838
4.549118e-07, 0.022421
4.551118e-07, 0.023588
4.553117e-07, 0.025006
4.555117e-07, 0.025422
4.557117e-07, 0.025951
4.559118e-07, 0.024283
4.561118e-07, 0.020697
4.563118e-07, 0.016389
4.565118e-07, 0.016056
4.567117e-07, 0.016195
4.569117e-07, 0.018974
4.571117e-07, 0.021448
4.573118e-07, 0.024783
4.575118e-07, 0.028202
4.577118e-07, 0.030537
4.579118e-07, 0.025951
4.581117e-07, 0.022754
4.583117e-07, 0.023032
4.585117e-07, 0.022309
4.587118e-07, 0.020947
4.589118e-07, 0.019613
4.591118e-07, 0.020447
4.593118e-07, 0.020947
4.595117e-07, 0.021448
4.597117e-07, 0.021920
4.599117e-07, 0.021587
4.601118e-07, 0.019252
4.603118e-07, 0.017195
4.605118e-07, 0.018529
4.607118e-07, 0.017084
4.609117e-07, 0.017084
4.611117e-07, 0.019558
4.613117e-07, 0.021865
4.615118e-07, 0.020169
4.617118e-07, 0.018779
4.619118e-07, 0.017529
4.621118e-07, 0.015972
4.623117e-07, 0.015639
4.625117e-07, 0.016472
4.627117e-07, 0.016584
4.629118e-07, 0.017251
4.631118e-07, 0.017112
4.633118e-07, 0.016167
4.635118e-07, 0.017918
4.637117e-07, 0.017640
4.639117e-07, 0.016500
4.641117e-07, 0.015500
4.643118e-07, 0.014249
4.645118e-07, 0.013554
4.647118e-07, 0.013276
4.649118e-07, 0.014638
4.651117e-07, 0.015277
4.653117e-07, 0.014332
4.655117e-07, 0.013943
4.657118e-07, 0.012192
4.659118e-07, 0.012109
4.661118e-07, 0.011525
4.663118e-07, 0.010219
4.665117e-07, 0.009524
4.667117e-07, 0.008857
4.669117e-07, 0.009579
4.671118e-07, 0.009496
4.673118e-07, 0.010497
4.675118e-07, 0.011581
4.677118e-07, 0.010719
4.679117e-07, 0.009774
4.681117e-07, 0.007967
4.683117e-07, 0.007495
4.685117e-07, 0.008301
4.687118e-07, 0.007523
4.689118e-07, 0.007912
4.691118e-07, 0.007078
4.693117e-07, 0.006494
4.695117e-07, 0.006355
4.697117e-07, 0.007578
4.699117e-07, 0.007300
4.701118e-07, 0.005410
4.703118e-07, 0.004076
4.705118e-07, 0.002603
4.707117e-07, 0.003492
4.709117e-07, 0.005160
4.711117e-07, 0.008329
4.713117e-07, 0.009607
4.715118e-07, 0.009496
4.717118e-07, 0.009385
4.719118e-07, 0.008440
4.721118e-07, 0.004243
4.723117e-07, 0.003993
4.725117e-07, 0.009385
4.727117e-07, 0.011581
4.729118e-07, 0.014304
4.731118e-07, 0.016472
4.733118e-07, 0.017140
4.735118e-07, 0.017195
4.737117e-07, 0.016528
4.739117e-07, 0.018863
4.741117e-07, 0.018446
4.743118e-07, 0.016278
4.745118e-07, 0.014721
4.747118e-07, 0.015555
4.749118e-07, 0.017334
4.751117e-07, 0.017695
4.753117e-07, 0.018029
4.755117e-07, 0.019447
4.757118e-07, 0.019919
4.759118e-07, 0.019752
4.761118e-07, 0.018307
4.763118e-07, 0.017584
4.765117e-07, 0.018085
4.767117e-07, 0.017723
4.769117e-07, 0.021364
4.771118e-07, 0.023783
4.773118e-07, 0.024283
4.775118e-07, 0.025367
4.777118e-07, 0.024728
4.779117e-07, 0.026451
4.781117e-07, 0.026173
4.783117e-07, 0.025951
4.785118e-07, 0.027118
4.787118e-07, 0.027702
4.789118e-07, 0.029675
4.791118e-07, 0.030259
4.793117e-07, 0.030648
4.795117e-07, 0.031426
4.797117e-07, 0.031259
4.799118e-07, 0.030731
4.801118e-07, 0.029842
4.803118e-07, 0.029397
4.805118e-07, 0.027980
4.807117e-07, 0.027090
4.809117e-07, 0.027424
4.811117e-07, 0.028702
4.813118e-07, 0.030620
4.815118e-07, 0.030453
4.817118e-07, 0.030759
4.819118e-07, 0.029675
4.821117e-07, 0.028397
4.823117e-07, 0.027702
4.825117e-07, 0.026701
4.827118e-07, 0.027035
4.829118e-07, 0.027646
4.831118e-07, 0.027590
4.833118e-07, 0.027757
4.835117e-07, 0.027757
4.837117e-07, 0.026534
4.839117e-07, 0.026228
4.841118e-07, 0.026451
4.843118e-07, 0.025617
4.845118e-07, 0.026423
4.847118e-07, 0.024311
4.849117e-07, 0.022004
4.851117e-07, 0.023505
4.853117e-07, 0.024060
4.855118e-07, 0.026006
4.857118e-07, 0.026590
4.859118e-07, 0.024144
4.861118e-07, 0.021114
4.863117e-07, 0.017918
4.865117e-07, 0.016389
4.867117e-07, 0.016417
4.869118e-07, 0.018640
4.871118e-07, 0.021392
4.873118e-07, 0.025172
4.875118e-07, 0.029953
4.877117e-07, 0.032677
4.879117e-07, 0.028146
4.881117e-07, 0.022810
4.883118e-07, 0.022560
4.885118e-07, 0.022143
4.887118e-07, 0.020419
4.889118e-07, 0.019502
4.891117e-07, 0.019474
4.893117e-07, 0.020392
4.895117e-07, 0.022254
4.897118e-07, 0.023227
4.899118e-07, 0.022532
4.901118e-07, 0.019141
4.903118e-07, 0.017751
4.905117e-07, 0.017418
4.907117e-07, 0.016862
4.909117e-07, 0.017140
4.911118e-07, 0.018251
4.913118e-07, 0.019752
4.915118e-07, 0.021448
4.917118e-07, 0.019752
4.919117e-07, 0.017306
4.921117e-07, 0.016639
4.923117e-07, 0.016334
4.925118e-07, 0.016723
4.927118e-07, 0.015416
4.929118e-07, 0.015666
4.931118e-07, 0.015639
4.933117e-07, 0.016389
4.935117e-07, 0.016917
4.937117e-07, 0.016584
4.939118e-07, 0.015361
4.941118e-07, 0.013721
4.943118e-07, 0.013860
4.945118e-07, 0.013860
4.947117e-07, 0.012887
4.949117e-07, 0.011831
4.951117e-07, 0.012804
4.953118e-07, 0.013193
4.955118e-07, 0.013526
4.957118e-07, 0.014249
4.959118e-07, 0.013415
4.961117e-07, 0.012359
4.963117e-07, 0.011052
4.965117e-07, 0.010636
4.967118e-07, 0.009746
4.969118e-07, 0.009802
4.971118e-07, 0.009635
4.973118e-07, 0.010107
4.975117e-07, 0.010941
4.977117e-07, 0.009524
4.979117e-07, 0.009162
4.981118e-07, 0.007884
4.983118e-07, 0.007467
4.985118e-07, 0.007189
4.987118e-07, 0.006550
4.989117e-07, 0.007745
4.991117e-07, 0.007189
4.993117e-07, 0.005966
4.995117e-07, 0.006661
4.997118e-07, 0.007495
4.999118e-07, 0.007300
5.001118e-07, 0.006828
5.003118e-07, 0.005605
5.005117e-07, 0.002992
5.007117e-07, 0.002353
5.009117e-07, 0.005132
5.011118e-07, 0.008718
5.013118e-07, 0.011164
5.015118e-07, 0.009552
5.017118e-07, 0.008273
5.019117e-07, 0.008245
5.021117e-07, 0.004854
5.023117e-07, 0.005355
5.025118e-07, 0.009996
5.027118e-07, 0.011692
5.029118e-07, 0.014555
5.031118e-07, 0.015111
5.033117e-07, 0.017556
5.035117e-07, 0.017584
5.037117e-07, 0.016667
5.039118e-07, 0.017362
5.041118e-07, 0.018001
5.043118e-07, 0.016584
5.045118e-07, 0.014777
5.047117e-07, 0.014027
5.049117e-07, 0.014972
5.051117e-07, 0.015833
5.053118e-07, 0.016445
5.055118e-07, 0.018224
5.057118e-07, 0.018140
5.059118e-07, 0.017556
5.061117e-07, 0.017445
5.063117e-07, 0.016556
5.065117e-07, 0.015639
5.067118e-07, 0.016500
5.069118e-07, 0.018779
5.071118e-07, 0.021754
5.073118e-07, 0.022699
5.075117e-07, 0.024088
5.077117e-07, 0.024311
5.079117e-07, 0.025784
5.081118e-07, 0.026784
5.083118e-07, 0.027980
5.085118e-07, 0.026479
5.087118e-07, 0.026034
5.089117e-07, 0.028424
5.091117e-07, 0.028952
5.093117e-07, 0.029592
5.095118e-07, 0.029870
5.097118e-07, 0.029091
5.099118e-07, 0.029342
5.101118e-07, 0.029147
5.103117e-07, 0.028702
5.105117e-07, 0.028730
5.107117e-07, 0.028313
5.109118e-07, 0.028202
5.111118e-07, 0.027451
5.113118e-07, 0.028202
5.115118e-07, 0.029175
5.117117e-07, 0.029091
5.119117e-07, 0.028758
5.121117e-07, 0.028452
5.123118e-07, 0.027035
5.125118e-07, 0.026812
5.127118e-07, 0.024922
5.129118e-07, 0.025589
5.131117e-07, 0.027785
5.133117e-07, 0.028535
5.135117e-07, 0.027785
5.137118e-07, 0.026868
5.139118e-07, 0.027368
5.141118e-07, 0.026673
5.143118e-07, 0.024978
5.145117e-07, 0.023866
5.147117e-07, 0.022726
5.149117e-07, 0.022031
5.151118e-07, 0.023254
5.153118e-07, 0.025339
5.155118e-07, 0.026534
5.157118e-07, 0.026006
5.159117e-07, 0.025311
5.161117e-07, 0.023616
5.163117e-07, 0.018196
5.165118e-07, 0.016417
5.167118e-07, 0.016945
5.169118e-07, 0.017640
5.171118e-07, 0.020670
5.173117e-07, 0.022476
5.175117e-07, 0.027146
5.177117e-07, 0.031454
5.179118e-07, 0.029091
5.181118e-07, 0.022921
5.183118e-07, 0.021698
5.185118e-07, 0.022726
5.187117e-07, 0.020753
5.189117e-07, 0.019975
5.191117e-07, 0.018529
5.193118e-07, 0.019752
5.195118e-07, 0.022198
5.197118e-07, 0.022004
5.199118e-07, 0.021420
5.201117e-07, 0.020586
5.203117e-07, 0.018112
5.205117e-07, 0.017668
5.207118e-07, 0.016389
5.209118e-07, 0.015889
5.211118e-07, 0.017306
5.213118e-07, 0.020364
5.215117e-07, 0.020531
5.217117e-07, 0.019780
5.219117e-07, 0.019057
5.221118e-07, 0.017112
5.223118e-07, 0.015833
5.225118e-07, 0.015250
5.227118e-07, 0.016417
5.229117e-07, 0.017028
5.231117e-07, 0.017445
5.233117e-07, 0.017056
5.235118e-07, 0.016306
5.237118e-07, 0.016000
5.239118e-07, 0.016139
5.241118e-07, 0.015666
5.243117e-07, 0.014027
5.245117e-07, 0.014582
5.247117e-07, 0.014249
5.249118e-07, 0.012526
5.251118e-07, 0.013554
5.253118e-07, 0.013943
5.255118e-07, 0.014499
5.257117e-07, 0.014304
5.259117e-07, 0.013498
5.261117e-07, 0.012220
5.263118e-07, 0.012164
5.265118e-07, 0.010747
5.267118e-07, 0.010024
5.269118e-07, 0.010135
5.271117e-07, 0.009691
5.273117e-07, 0.008940
5.275117e-07, 0.009329
5.277118e-07, 0.010024
5.279118e-07, 0.009162
5.281118e-07, 0.007967
5.283118e-07, 0.006300
5.285118e-07, 0.007495
5.287117e-07, 0.008217
5.289117e-07, 0.008134
5.291117e-07, 0.007606
5.293118e-07, 0.006883
5.295118e-07, 0.006550
5.297118e-07, 0.006716
5.299118e-07, 0.007967
5.301117e-07, 0.006772
5.303117e-07, 0.005049
5.305117e-07, 0.003770
5.307118e-07, 0.002797
5.309118e-07, 0.004799
5.311118e-07, 0.008356
5.313118e-07, 0.010274
5.315117e-07, 0.010636
5.317117e-07, 0.009524
5.319117e-07, 0.008468
5.321118e-07, 0.006494
5.323118e-07, 0.005493
5.325118e-07, 0.008551
5.327118e-07, 0.010941
5.329117e-07, 0.014749
5.331117e-07, 0.016889
5.333117e-07, 0.017946
5.335118e-07, 0.017973
5.337118e-07, 0.016334
5.339118e-07, 0.016862
5.341118e-07, 0.017556
5.343117e-07, 0.016750
5.345117e-07, 0.015666
5.347117e-07, 0.016083
5.349118e-07, 0.017946
5.351118e-07, 0.019669
5.353118e-07, 0.020280
5.355118e-07, 0.022810
5.357117e-07, 0.024422
5.359117e-07, 0.025006
5.361117e-07, 0.024172
5.363118e-07, 0.024311
5.365118e-07, 0.024116
5.367118e-07, 0.025089
5.369118e-07, 0.026896
5.371117e-07, 0.028869
5.373117e-07, 0.030009
5.375117e-07, 0.030815
5.377118e-07, 0.031982
5.379118e-07, 0.032510
5.381118e-07, 0.032844
5.383118e-07, 0.032927
5.385117e-07, 0.033678
5.387117e-07, 0.033261
5.389117e-07, 0.034122
5.391118e-07, 0.036318
5.393118e-07, 0.036068
5.395118e-07, 0.037124
5.397118e-07, 0.035762
5.399117e-07, 0.035206
5.401117e-07, 0.036235
5.403117e-07, 0.035401
5.405118e-07, 0.033622
5.407118e-07, 0.032065
5.409118e-07, 0.032399
5.411118e-07, 0.032316
5.413117e-07, 0.033038
5.415117e-07, 0.034984
5.417117e-07, 0.035484
5.419118e-07, 0.035429
5.421118e-07, 0.033372
5.423118e-07, 0.032871
5.425118e-07, 0.032482
5.427117e-07, 0.030537
5.429117e-07, 0.030842
5.431117e-07, 0.032121
5.433118e-07, 0.031871
5.435118e-07, 0.031454
5.437118e-07, 0.029897
5.439118e-07, 0.030203
5.441117e-07, 0.029925
5.443117e-07, 0.029091
5.445117e-07, 0.028258
5.447118e-07, 0.025395
5.449118e-07, 0.025089
5.451118e-07, 0.027118
5.453118e-07, 0.029091
5.455117e-07, 0.029981
5.457117e-07, 0.031843
5.459117e-07, 0.030537
5.461118e-07, 0.027368
5.463118e-07, 0.022921
5.465118e-07, 0.019196
5.467118e-07, 0.019474
5.469117e-07, 0.021698
5.471117e-07, 0.023644
5.473117e-07, 0.025144
5.475118e-07, 0.030009
5.477118e-07, 0.034595
5.479118e-07, 0.033705
5.481118e-07, 0.028480
5.483117e-07, 0.026618
5.485117e-07, 0.025839
5.487117e-07, 0.024394
5.489118e-07, 0.023143
5.491118e-07, 0.021837
5.493118e-07, 0.023477
5.495118e-07, 0.025589
5.497117e-07, 0.024033
5.499117e-07, 0.024783
5.501117e-07, 0.023894
5.503118e-07, 0.021531
5.505118e-07, 0.021309
5.507118e-07, 0.020614
5.509118e-07, 0.018974
5.511117e-07, 0.019141
5.513117e-07, 0.022893
5.515117e-07, 0.024172
5.517118e-07, 0.023505
5.519118e-07, 0.022087
5.521118e-07, 0.019975
5.523118e-07, 0.018752
5.525117e-07, 0.018835
5.527117e-07, 0.020447
5.529117e-07, 0.020586
5.531118e-07, 0.019308
5.533118e-07, 0.019224
5.535118e-07, 0.020308
5.537118e-07, 0.019641
5.539117e-07, 0.018724
5.541117e-07, 0.016389
5.543117e-07, 0.016556
5.545118e-07, 0.016973
5.547118e-07, 0.014527
5.549118e-07, 0.015778
5.551118e-07, 0.015083
5.553117e-07, 0.015722
5.555117e-07, 0.017056
5.557117e-07, 0.016111
5.559118e-07, 0.016222
5.561118e-07, 0.015166
5.563118e-07, 0.013498
5.565118e-07, 0.012526
5.567118e-07, 0.011442
5.569117e-07, 0.011108
5.571117e-07, 0.011664
5.573118e-07, 0.012248
5.575118e-07, 0.013721
5.577118e-07, 0.013665
5.579118e-07, 0.012970
5.581118e-07, 0.010775
5.583117e-07, 0.011025
5.585117e-07, 0.009440
5.587118e-07, 0.008134
5.589118e-07, 0.010052
5.591118e-07, 0.010691
5.593118e-07, 0.008829
5.595118e-07, 0.008106
5.597117e-07, 0.007828
5.599117e-07, 0.008051
5.601117e-07, 0.008495
5.603118e-07, 0.008190
5.605118e-07, 0.005271
5.607118e-07, 0.002825
5.609118e-07, 0.005271
5.611117e-07, 0.008745
5.613117e-07, 0.011997
5.615117e-07, 0.010775
5.617118e-07, 0.010775
5.619118e-07, 0.011108
5.621118e-07, 0.007411
5.623118e-07, 0.006188
5.625117e-07, 0.009246
5.627117e-07, 0.011886
5.629117e-07, 0.014999
5.631118e-07, 0.015861
5.633118e-07, 0.017140
5.635118e-07, 0.019808
5.637118e-07, 0.018057
5.639117e-07, 0.018307
5.641117e-07, 0.020447
5.643117e-07, 0.018835
5.645118e-07, 0.016000
5.647118e-07, 0.015166
5.649118e-07, 0.017418
5.651118e-07, 0.019252
5.653117e-07, 0.021337
5.655117e-07, 0.021225
5.657117e-07, 0.020920
5.659118e-07, 0.021309
5.661118e-07, 0.022337
5.663118e-07, 0.020947
5.665118e-07, 0.021920
5.667117e-07, 0.023366
5.669117e-07, 0.023449
5.671117e-07, 0.025478
5.673118e-07, 0.028146
5.675118e-07, 0.028841
5.677118e-07, 0.028452
5.679118e-07, 0.029175
5.681117e-07, 0.030481
5.683117e-07, 0.030120
5.685117e-07, 0.031899
5.687118e-07, 0.031676
5.689118e-07, 0.031621
5.691118e-07, 0.032733
5.693118e-07, 0.033678
5.695117e-07, 0.034011
5.697117e-07, 0.033872
5.699117e-07, 0.034233
5.701118e-07, 0.033038
5.703118e-07, 0.031649
5.705118e-07, 0.030815
5.707118e-07, 0.030036
5.709117e-07, 0.030620
5.711117e-07, 0.029953
5.713117e-07, 0.031065
5.715118e-07, 0.031454
5.717118e-07, 0.031926
5.719118e-07, 0.030648
5.721118e-07, 0.029953
5.723117e-07, 0.027757
5.725117e-07, 0.028452
5.727117e-07, 0.028146
5.729118e-07, 0.028508
5.731118e-07, 0.029091
5.733118e-07, 0.029925
5.735118e-07, 0.029425
5.737117e-07, 0.030426
5.739117e-07, 0.031204
5.741117e-07, 0.029091
5.743118e-07, 0.027896
5.745118e-07, 0.028647
5.747118e-07, 0.026729
5.749118e-07, 0.024811
5.751117e-07, 0.025117
5.753117e-07, 0.025561
5.755117e-07, 0.028424
5.757118e-07, 0.029481
5.759118e-07, 0.028980
5.761118e-07, 0.027146
5.763118e-07, 0.022254
5.765117e-07, 0.018474
5.767117e-07, 0.018390
5.769117e-07, 0.019752
5.771118e-07, 0.021420
5.773118e-07, 0.025506
5.775118e-07, 0.028647
5.777118e-07, 0.033288
5.779117e-07, 0.033539
5.781117e-07, 0.028285
5.783117e-07, 0.026201
5.785118e-07, 0.025534
5.787118e-07, 0.025144
5.789118e-07, 0.023588
5.791118e-07, 0.022421
5.793117e-07, 0.022671
5.795117e-07, 0.024144
5.797117e-07, 0.024450
5.799118e-07, 0.023449
5.801118e-07, 0.024088
5.803118e-07, 0.021086
5.805118e-07, 0.018835
5.807117e-07, 0.019002
5.809117e-07, 0.019085
5.811117e-07, 0.017251
5.813118e-07, 0.019502
5.815118e-07, 0.021253
5.817118e-07, 0.021476
5.819118e-07, 0.020169
5.821117e-07, 0.017334
5.823117e-07, 0.016945
5.825117e-07, 0.017668
5.827118e-07, 0.016584
5.829118e-07, 0.017445
5.831118e-07, 0.016834
5.833118e-07, 0.018390
5.835117e-07, 0.019780
5.837117e-07, 0.018640
5.839117e-07, 0.018418
5.841118e-07, 0.016500
5.843118e-07, 0.015944
5.845118e-07, 0.015833
5.847118e-07, 0.014860
5.849118e-07, 0.014027
5.851117e-07, 0.012748
5.853117e-07, 0.013776
5.855118e-07, 0.013943
5.857118e-07, 0.014499
5.859118e-07, 0.014332
5.861118e-07, 0.013220
5.863118e-07, 0.012887
5.865117e-07, 0.012470
5.867117e-07, 0.011469
5.869118e-07, 0.011525
5.871118e-07, 0.010274
5.873118e-07, 0.009996
5.875118e-07, 0.013137
5.877118e-07, 0.013109
5.879117e-07, 0.011747
5.881117e-07, 0.010024
5.883118e-07, 0.009246
5.885118e-07, 0.008356
5.887118e-07, 0.008162
5.889118e-07, 0.009079
5.891118e-07, 0.009385
5.893117e-07, 0.008912
5.895117e-07, 0.008329
5.897117e-07, 0.008217
5.899118e-07, 0.009274
5.901118e-07, 0.007828
5.903118e-07, 0.007550
5.905118e-07, 0.005521
5.907117e-07, 0.003798
5.909117e-07, 0.004104
5.911117e-07, 0.007439
5.913118e-07, 0.010469
5.915118e-07, 0.012331
5.917118e-07, 0.010719
5.919118e-07, 0.010385
5.921117e-07, 0.008912
5.923117e-07, 0.005299
5.925117e-07, 0.008690
5.927118e-07, 0.012331
5.929118e-07, 0.013860
5.931118e-07, 0.015722
5.933118e-07, 0.017390
5.935117e-07, 0.019641
5.937117e-07, 0.018835
5.939117e-07, 0.018001
5.941118e-07, 0.020169
5.943118e-07, 0.020364
5.945118e-07, 0.020002
5.947118e-07, 0.019391
5.949117e-07, 0.021281
5.951117e-07, 0.022643
5.953117e-07, 0.024422
5.955118e-07, 0.026367
5.957118e-07, 0.026923
5.959118e-07, 0.026896
5.961118e-07, 0.026451
5.963117e-07, 0.024700
5.965117e-07, 0.025061
5.967117e-07, 0.025228
5.969118e-07, 0.027535
5.971118e-07, 0.029175
5.973118e-07, 0.032399
5.975118e-07, 0.033733
5.977117e-07, 0.033511
5.979117e-07, 0.034456
5.981117e-07, 0.035345
5.983118e-07, 0.035123
5.985118e-07, 0.036151
5.987118e-07, 0.036874
5.989118e-07, 0.037624
5.991117e-07, 0.036930
5.993117e-07, 0.037875
5.995117e-07, 0.038959
5.997118e-07, 0.037902
5.999118e-07, 0.038291
6.001118e-07, 0.038736
6.003118e-07, 0.038486
6.005117e-07, 0.038236
6.007117e-07, 0.036346
6.009117e-07, 0.035623
6.011118e-07, 0.035707
6.013118e-07, 0.037013
6.015118e-07, 0.037875
6.017118e-07, 0.038180
6.019117e-07, 0.036763
6.021117e-07, 0.035429
6.023117e-07, 0.035012
6.025118e-07, 0.033900
6.027118e-07, 0.032983
6.029118e-07, 0.033344
6.031118e-07, 0.033705
6.033117e-07, 0.031899
6.035117e-07, 0.033733
6.037117e-07, 0.032816
6.039118e-07, 0.032649
6.041118e-07, 0.031843
6.043118e-07, 0.030370
6.045118e-07, 0.029758
6.047117e-07, 0.027729
6.049117e-07, 0.025534
6.051117e-07, 0.025089
6.053118e-07, 0.027285
6.055118e-07, 0.027035
6.057118e-07, 0.026923
6.059118e-07, 0.028730
6.061117e-07, 0.027785
6.063117e-07, 0.023644
6.065117e-07, 0.021170
6.067118e-07, 0.019697
6.069118e-07, 0.020058
6.071118e-07, 0.022504
6.073118e-07, 0.023949
6.075117e-07, 0.026562
6.077117e-07, 0.030898
6.079117e-07, 0.034456
6.081118e-07, 0.029925
6.083118e-07, 0.027174
6.085118e-07, 0.026590
6.087118e-07, 0.023199
6.089117e-07, 0.023199
6.091117e-07, 0.022282
6.093117e-07, 0.023227
6.095118e-07, 0.025061
6.097118e-07, 0.025450
6.099118e-07, 0.024505
6.101118e-07, 0.024227
6.103117e-07, 0.022365
6.105117e-07, 0.022059
6.107117e-07, 0.021642
6.109118e-07, 0.020225
6.111118e-07, 0.021003
6.113118e-07, 0.023199
6.115118e-07, 0.024450
6.117117e-07, 0.024394
6.119117e-07, 0.023477
6.121117e-07, 0.021031
6.123118e-07, 0.018863
6.125118e-07, 0.018251
6.127118e-07, 0.018418
6.129118e-07, 0.019391
6.131118e-07, 0.019474
6.133117e-07, 0.018557
6.135117e-07, 0.018724
6.137118e-07, 0.019363
6.139118e-07, 0.019057
6.141118e-07, 0.018418
6.143118e-07, 0.017779
6.145118e-07, 0.015277
6.147117e-07, 0.014666
6.149117e-07, 0.015222
6.151118e-07, 0.015111
6.153118e-07, 0.015611
6.155118e-07, 0.017779
6.157118e-07, 0.016250
6.159118e-07, 0.015166
6.161117e-07, 0.014610
6.163117e-07, 0.013749
6.165118e-07, 0.012470
6.167118e-07, 0.011970
6.169118e-07, 0.010886
6.171118e-07, 0.010330
6.173118e-07, 0.010636
6.175117e-07, 0.010886
6.177117e-07, 0.012081
6.179118e-07, 0.012081
6.181118e-07, 0.009440
6.183118e-07, 0.008356
6.185118e-07, 0.007995
6.187118e-07, 0.007356
6.189117e-07, 0.008551
6.191117e-07, 0.010163
6.193118e-07, 0.008301
6.195118e-07, 0.008245
6.197118e-07, 0.007106
6.199118e-07, 0.007884
6.201118e-07, 0.008495
6.203117e-07, 0.007106
6.205117e-07, 0.005493
6.207117e-07, 0.004048
6.209118e-07, 0.005327
6.211118e-07, 0.007661
6.213118e-07, 0.010302
6.215118e-07, 0.011831
6.217117e-07, 0.010830
6.219117e-07, 0.010691
6.221117e-07, 0.009746
6.223118e-07, 0.006550
6.225118e-07, 0.008329
6.227118e-07, 0.013248
6.229118e-07, 0.016334
6.231117e-07, 0.018057
6.233117e-07, 0.019252
6.235117e-07, 0.020280
6.237118e-07, 0.020670
6.239118e-07, 0.019613
6.241118e-07, 0.020836
6.243118e-07, 0.021142
6.245117e-07, 0.019308
6.247117e-07, 0.016584
6.249117e-07, 0.017362
6.251118e-07, 0.018196
6.253118e-07, 0.018502
6.255118e-07, 0.020197
6.257118e-07, 0.020336
6.259117e-07, 0.020336
6.261117e-07, 0.019447
6.263117e-07, 0.019530
6.265118e-07, 0.018724
6.267118e-07, 0.018613
6.269118e-07, 0.020086
6.271118e-07, 0.022309
6.273117e-07, 0.024060
6.275117e-07, 0.024644
6.277117e-07, 0.025812
6.279118e-07, 0.025895
6.281118e-07, 0.025895
6.283118e-07, 0.027590
6.285118e-07, 0.028869
6.287117e-07, 0.027563
6.289117e-07, 0.028674
6.291117e-07, 0.028508
6.293118e-07, 0.029064
6.295118e-07, 0.029064
6.297118e-07, 0.030259
6.299118e-07, 0.030620
6.301117e-07, 0.029286
6.303117e-07, 0.029481
6.305117e-07, 0.029119
6.307118e-07, 0.028174
6.309118e-07, 0.027618
6.311118e-07, 0.028146
6.313118e-07, 0.029119
6.315117e-07, 0.030175
6.317117e-07, 0.028230
6.319117e-07, 0.028424
6.321118e-07, 0.028730
6.323118e-07, 0.027868
6.325118e-07, 0.027535
6.327118e-07, 0.026757
6.329117e-07, 0.027146
6.331117e-07, 0.026729
6.333117e-07, 0.027062
6.335118e-07, 0.027285
6.337118e-07, 0.027312
6.339118e-07, 0.028202
6.341118e-07, 0.027118
6.343117e-07, 0.026868
6.345117e-07, 0.025839
6.347117e-07, 0.025061
6.349118e-07, 0.024477
6.351118e-07, 0.023949
6.353118e-07, 0.023949
6.355118e-07, 0.025534
6.357117e-07, 0.026395
6.359117e-07, 0.027090
6.361117e-07, 0.026784
6.363118e-07, 0.023338
6.365118e-07, 0.017918
6.367118e-07, 0.016278
6.369118e-07, 0.018085
6.371117e-07, 0.020058
6.373117e-07, 0.022421
6.375117e-07, 0.025339
6.377118e-07, 0.028730
6.379118e-07, 0.031815
6.381118e-07, 0.026868
6.383118e-07, 0.024255
6.385117e-07, 0.024644
6.387117e-07, 0.023393
6.389117e-07, 0.022448
6.391118e-07, 0.020753
6.393118e-07, 0.020864
6.395118e-07, 0.023532
6.397118e-07, 0.024533
6.399117e-07, 0.023338
6.401117e-07, 0.022337
6.403117e-07, 0.021086
6.405118e-07, 0.019419
6.407118e-07, 0.018168
6.409118e-07, 0.018807
6.411118e-07, 0.017612
6.413118e-07, 0.018224
6.415117e-07, 0.020392
6.417117e-07, 0.020447
6.419118e-07, 0.020169
6.421118e-07, 0.018835
6.423118e-07, 0.016306
6.425118e-07, 0.016083
6.427118e-07, 0.016195
6.429117e-07, 0.017668
6.431117e-07, 0.018835
6.433118e-07, 0.018168
6.435118e-07, 0.018001
6.437118e-07, 0.018390
6.439118e-07, 0.017612
6.441118e-07, 0.017223
6.443117e-07, 0.015611
6.445117e-07, 0.015472
6.447118e-07, 0.014138
6.449118e-07, 0.013443
6.451118e-07, 0.013332
6.453118e-07, 0.013832
6.455118e-07, 0.015472
6.457117e-07, 0.014972
6.459117e-07, 0.014360
6.461118e-07, 0.014777
6.463118e-07, 0.013526
6.465118e-07, 0.013109
6.467118e-07, 0.011970
6.469118e-07, 0.010441
6.471117e-07, 0.010775
6.473117e-07, 0.010636
6.475118e-07, 0.011636
6.477118e-07, 0.012331
6.479118e-07, 0.012553
6.481118e-07, 0.011358
6.483118e-07, 0.010913
6.485117e-07, 0.010330
6.487117e-07, 0.008329
6.489118e-07, 0.009357
6.491118e-07, 0.010107
6.493118e-07, 0.009023
6.495118e-07, 0.008857
6.497118e-07, 0.008634
6.499117e-07, 0.007495
6.501117e-07, 0.008329
6.503117e-07, 0.006689
6.505118e-07, 0.005605
6.507118e-07, 0.003687
6.509118e-07, 0.003270
6.511118e-07, 0.005493
6.513117e-07, 0.009246
6.515117e-07, 0.011358
6.517117e-07, 0.009691
6.519118e-07, 0.008773
6.521118e-07, 0.009857
6.523118e-07, 0.006605
6.525118e-07, 0.007022
6.527117e-07, 0.012526
6.529117e-07, 0.016250
6.531117e-07, 0.016584
6.533118e-07, 0.016445
6.535118e-07, 0.019780
6.537118e-07, 0.020920
6.539118e-07, 0.019196
6.541117e-07, 0.018251
6.543117e-07, 0.020058
6.545117e-07, 0.018640
6.547118e-07, 0.016584
6.549118e-07, 0.016306
6.551118e-07, 0.015722
6.553118e-07, 0.017612
6.555117e-07, 0.019113
6.557117e-07, 0.020920
6.559117e-07, 0.019863
6.561118e-07, 0.019502
6.563118e-07, 0.019057
6.565118e-07, 0.018918
6.567118e-07, 0.018696
6.569117e-07, 0.020086
6.571117e-07, 0.021559
6.573117e-07, 0.023227
6.575118e-07, 0.025061
6.577118e-07, 0.024839
6.579118e-07, 0.026173
6.581118e-07, 0.026284
6.583117e-07, 0.027257
6.585117e-07, 0.027813
6.587117e-07, 0.027062
6.589118e-07, 0.028035
6.591118e-07, 0.029286
6.593118e-07, 0.030620
6.595118e-07, 0.031899
6.597117e-07, 0.030481
6.599117e-07, 0.029619
6.601117e-07, 0.030009
6.603118e-07, 0.029981
6.605118e-07, 0.029981
6.607118e-07, 0.028619
6.609118e-07, 0.027868
6.611117e-07, 0.026840
6.613117e-07, 0.026951
6.615117e-07, 0.029814
6.617118e-07, 0.031232
6.619118e-07, 0.031315
6.621118e-07, 0.030426
6.623118e-07, 0.029453
6.625117e-07, 0.028146
6.627117e-07, 0.027646
6.629117e-07, 0.027785
6.631118e-07, 0.027924
6.633118e-07, 0.028091
6.635118e-07, 0.029536
6.637118e-07, 0.028397
6.639117e-07, 0.026784
6.641117e-07, 0.026062
6.643117e-07, 0.026534
6.645118e-07, 0.026228
6.647118e-07, 0.024783
6.649118e-07, 0.023366
6.651118e-07, 0.021559
6.653117e-07, 0.022282
6.655117e-07, 0.023810
6.657117e-07, 0.025756
6.659118e-07, 0.026757
6.661118e-07, 0.024366
6.663118e-07, 0.022031
6.665118e-07, 0.019057
6.667117e-07, 0.016028
6.669117e-07, 0.016889
6.671117e-07, 0.018668
6.673118e-07, 0.020614
6.675118e-07, 0.024616
6.677118e-07, 0.028313
6.679118e-07, 0.031621
6.681117e-07, 0.029786
6.683117e-07, 0.024394
6.685117e-07, 0.024283
6.687118e-07, 0.023505
6.689118e-07, 0.021253
6.691118e-07, 0.020364
6.693118e-07, 0.019530
6.695118e-07, 0.021976
6.697117e-07, 0.023727
6.699117e-07, 0.022782
6.701118e-07, 0.022337
6.703118e-07, 0.022059
6.705118e-07, 0.019335
6.707118e-07, 0.018891
6.709118e-07, 0.019085
6.711117e-07, 0.017751
6.713117e-07, 0.017445
6.715118e-07, 0.020670
6.717118e-07, 0.020864
6.719118e-07, 0.020392
6.721118e-07, 0.018807
6.723118e-07, 0.016445
6.725117e-07, 0.015416
6.727117e-07, 0.015277
6.729118e-07, 0.016250
6.731118e-07, 0.017362
6.733118e-07, 0.016611
6.735118e-07, 0.016445
6.737118e-07, 0.017418
6.739117e-07, 0.017529
6.741117e-07, 0.015861
6.743118e-07, 0.014833
6.745118e-07, 0.014360
6.747118e-07, 0.013304
6.749118e-07, 0.014471
6.751118e-07, 0.013749
6.753117e-07, 0.013359
6.755117e-07, 0.014944
6.757118e-07, 0.015250
6.759118e-07, 0.014499
6.761118e-07, 0.014443
6.763118e-07, 0.014221
6.765118e-07, 0.012970
6.767117e-07, 0.010747
6.769117e-07, 0.010302
6.771118e-07, 0.010052
6.773118e-07, 0.011442
6.775118e-07, 0.011164
6.777118e-07, 0.012414
6.779118e-07, 0.012303
6.781117e-07, 0.010747
6.783117e-07, 0.009857
6.785118e-07, 0.008968
6.787118e-07, 0.007717
6.789118e-07, 0.008996
6.791118e-07, 0.009107
6.793118e-07, 0.008078
6.795117e-07, 0.007245
6.797117e-07, 0.007189
6.799118e-07, 0.007550
6.801118e-07, 0.007912
6.803118e-07, 0.007300
6.805118e-07, 0.005883
6.807118e-07, 0.002992
6.809117e-07, 0.003492
6.811117e-07, 0.003937
6.813117e-07, 0.008162
6.815118e-07, 0.010330
6.817118e-07, 0.009246
6.819118e-07, 0.009746
6.821118e-07, 0.009023
6.823117e-07, 0.006161
6.825117e-07, 0.005910
6.827117e-07, 0.010663
6.829118e-07, 0.013610
6.831118e-07, 0.015277
6.833118e-07, 0.017334
6.835118e-07, 0.020725
6.837117e-07, 0.020864
6.839117e-07, 0.017167
6.841117e-07, 0.018224
6.843118e-07, 0.019530
6.845118e-07, 0.019308
6.847118e-07, 0.016306
6.849118e-07, 0.016389
6.851117e-07, 0.016639
6.853117e-07, 0.016250
6.855117e-07, 0.018057
6.857118e-07, 0.018502
6.859118e-07, 0.019586
6.861118e-07, 0.019113
6.863118e-07, 0.019391
6.865117e-07, 0.017306
6.867117e-07, 0.017362
6.869117e-07, 0.018140
6.871118e-07, 0.020197
6.873118e-07, 0.022726
6.875118e-07, 0.023838
6.877118e-07, 0.025311
6.879117e-07, 0.025867
6.881117e-07, 0.026729
6.883117e-07, 0.027201
6.885118e-07, 0.029036
6.887118e-07, 0.028730
6.889118e-07, 0.028647
6.891118e-07, 0.029481
6.893117e-07, 0.029397
6.895117e-07, 0.030036
6.897117e-07, 0.029925
6.899118e-07, 0.031815
6.901118e-07, 0.030537
6.903118e-07, 0.029786
6.905118e-07, 0.030036
6.907117e-07, 0.030036
6.909117e-07, 0.029314
6.911117e-07, 0.028174
6.913118e-07, 0.029119
6.915118e-07, 0.030426
6.917118e-07, 0.031176
6.919118e-07, 0.031371
6.921117e-07, 0.030509
6.923117e-07, 0.030120
6.925117e-07, 0.028424
6.927118e-07, 0.027007
6.929118e-07, 0.027424
6.931118e-07, 0.028258
6.933118e-07, 0.029758
6.935117e-07, 0.028619
6.937117e-07, 0.028174
6.939117e-07, 0.028285
6.941118e-07, 0.027563
6.943118e-07, 0.026645
6.945118e-07, 0.026951
6.947118e-07, 0.026062
6.949117e-07, 0.024700
6.951117e-07, 0.022699
6.953117e-07, 0.023922
6.955118e-07, 0.025561
6.957118e-07, 0.026562
6.959118e-07, 0.027396
6.961118e-07, 0.027062
6.963117e-07, 0.024505
6.965117e-07, 0.020058
6.967117e-07, 0.015388
6.969118e-07, 0.016195
6.971118e-07, 0.017390
6.973118e-07, 0.019891
6.975118e-07, 0.022504
6.977118e-07, 0.025033
6.979117e-07, 0.030954
6.981117e-07, 0.029175
6.983118e-07, 0.024060
6.985118e-07, 0.024144
6.987118e-07, 0.023032
6.989118e-07, 0.022476
6.991118e-07, 0.021003
6.993117e-07, 0.019975
6.995117e-07, 0.021198
6.997118e-07, 0.023254
6.999118e-07, 0.022976
7.001118e-07, 0.022476
7.003118e-07, 0.021781
7.005118e-07, 0.019641
7.007117e-07, 0.018168
7.009117e-07, 0.018974
7.011118e-07, 0.018112
7.013118e-07, 0.018251
7.015118e-07, 0.021142
7.017118e-07, 0.022615
7.019118e-07, 0.022560
7.021117e-07, 0.020141
7.023117e-07, 0.016695
7.025118e-07, 0.016723
7.027118e-07, 0.016306
7.029118e-07, 0.016834
7.031118e-07, 0.017279
7.033118e-07, 0.016695
7.035117e-07, 0.017584
7.037117e-07, 0.016973
7.039118e-07, 0.016639
7.041118e-07, 0.015944
7.043118e-07, 0.014582
7.045118e-07, 0.014110
7.047118e-07, 0.013804
7.049117e-07, 0.013999
7.051117e-07, 0.013526
7.053118e-07, 0.013304
7.055118e-07, 0.014054
7.057118e-07, 0.014471
7.059118e-07, 0.015055
7.061118e-07, 0.013749
7.063117e-07, 0.012414
7.065117e-07, 0.012859
7.067118e-07, 0.011997
7.069118e-07, 0.010302
7.071118e-07, 0.009023
7.073118e-07, 0.010385
7.075118e-07, 0.010330
7.077117e-07, 0.011191
7.079117e-07, 0.011692
7.081118e-07, 0.011164
7.083118e-07, 0.010580
7.085118e-07, 0.008217
7.087118e-07, 0.006300
7.089118e-07, 0.007828
7.091117e-07, 0.008523
7.093117e-07, 0.008078
7.095118e-07, 0.008217
7.097118e-07, 0.007078
7.099118e-07, 0.006911
7.101118e-07, 0.008273
7.103118e-07, 0.007995
7.105117e-07, 0.006744
7.107117e-07, 0.003826
7.109117e-07, 0.003242
7.111118e-07, 0.004076
7.113118e-07, 0.008384
7.115118e-07, 0.012220
7.117118e-07, 0.011414
7.119117e-07, 0.010246
7.121117e-07, 0.009496
7.123117e-07, 0.007661
7.125118e-07, 0.006494
7.127118e-07, 0.010330
7.129118e-07, 0.014332
7.131118e-07, 0.015555
7.133117e-07, 0.015861
7.135117e-07, 0.018196
7.137117e-07, 0.019530
7.139118e-07, 0.017862
7.141118e-07, 0.017084
7.143118e-07, 0.018168
7.145118e-07, 0.018335
7.147117e-07, 0.016222
7.149117e-07, 0.015611
7.151117e-07, 0.016528
7.153118e-07, 0.017140
7.155118e-07, 0.018529
7.157118e-07, 0.019530
7.159118e-07, 0.019724
7.161117e-07, 0.018835
7.163117e-07, 0.019419
7.165117e-07, 0.018918
7.167118e-07, 0.017334
7.169118e-07, 0.019474
7.171118e-07, 0.020975
7.173118e-07, 0.022254
7.175117e-07, 0.024922
7.177117e-07, 0.025589
7.179117e-07, 0.025589
7.181118e-07, 0.026201
7.183118e-07, 0.027340
7.185118e-07, 0.029008
7.187118e-07, 0.027146
7.189117e-07, 0.027868
7.191117e-07, 0.030842
7.193117e-07, 0.031120
7.195118e-07, 0.030676
7.197118e-07, 0.031510
7.199118e-07, 0.030064
7.201118e-07, 0.030064
7.203117e-07, 0.031148
7.205117e-07, 0.031621
7.207117e-07, 0.030036
7.209118e-07, 0.029258
7.211118e-07, 0.028258
7.213118e-07, 0.028980
7.215118e-07, 0.030175
7.217117e-07, 0.030509
7.219117e-07, 0.031343
7.221117e-07, 0.029619
7.223118e-07, 0.029230
7.225118e-07, 0.028258
7.227118e-07, 0.027312
7.229118e-07, 0.027340
7.231117e-07, 0.025367
7.233117e-07, 0.026034
7.235117e-07, 0.027396
7.237118e-07, 0.026340
7.239118e-07, 0.025395
7.241118e-07, 0.026923
7.243118e-07, 0.027507
7.245117e-07, 0.025311
7.247117e-07, 0.025395
7.249117e-07, 0.023171
7.251118e-07, 0.020808
7.253118e-07, 0.021892
7.255118e-07, 0.023588
7.257118e-07, 0.025033
7.259118e-07, 0.025450
7.261117e-07, 0.025895
7.263117e-07, 0.025006
7.265118e-07, 0.019224
7.267118e-07, 0.016083
7.269118e-07, 0.014805
7.271118e-07, 0.015388
7.273118e-07, 0.018863
7.275117e-07, 0.020336
7.277117e-07, 0.025006
7.279118e-07, 0.030759
7.281118e-07, 0.030787
7.283118e-07, 0.025339
7.285118e-07, 0.024227
7.287118e-07, 0.022421
7.289117e-07, 0.022309
7.291117e-07, 0.020086
7.293118e-07, 0.019113
7.295118e-07, 0.021059
7.297118e-07, 0.021892
7.299118e-07, 0.022643
7.301118e-07, 0.022782
7.303117e-07, 0.022949
7.305117e-07, 0.019002
7.307118e-07, 0.016917
7.309118e-07, 0.017473
7.311118e-07, 0.017918
7.313118e-07, 0.017584
7.315118e-07, 0.019975
7.317117e-07, 0.021198
7.319117e-07, 0.021837
7.321118e-07, 0.019252
7.323118e-07, 0.016945
7.325118e-07, 0.016556
7.327118e-07, 0.016306
7.329118e-07, 0.017112
7.331117e-07, 0.016111
7.333117e-07, 0.016445
7.335118e-07, 0.017334
7.337118e-07, 0.017751
7.339118e-07, 0.017167
7.341118e-07, 0.016528
7.343118e-07, 0.015639
7.345117e-07, 0.014555
7.347117e-07, 0.013359
7.349118e-07, 0.013081
7.351118e-07, 0.011581
7.353118e-07, 0.011636
7.355118e-07, 0.013943
7.357118e-07, 0.015416
7.359117e-07, 0.014527
7.361117e-07, 0.013026
7.363118e-07, 0.012275
7.365118e-07, 0.011720
7.367118e-07, 0.009385
7.369118e-07, 0.009357
7.371118e-07, 0.008329
7.373117e-07, 0.008773
7.375117e-07, 0.008718
7.377118e-07, 0.009357
7.379118e-07, 0.011358
7.381118e-07, 0.010997
7.383118e-07, 0.009162
7.385118e-07, 0.006772
7.387117e-07, 0.005855
7.389117e-07, 0.007050
7.391118e-07, 0.008384
7.393118e-07, 0.008245
7.395118e-07, 0.007189
7.397118e-07, 0.005716
7.399118e-07, 0.006689
7.401117e-07, 0.006216
7.403117e-07, 0.005466
7.405118e-07, 0.006633
7.407118e-07, 0.003937
7.409118e-07, 0.001713
7.411118e-07, 0.001991
7.413118e-07, 0.005855
7.415117e-07, 0.010469
7.417117e-07, 0.011025
7.419117e-07, 0.009718
7.421118e-07, 0.008356
7.423118e-07, 0.006466
7.425118e-07, 0.004215
7.427118e-07, 0.007356
7.429117e-07, 0.012442
7.431117e-07, 0.016222
7.433117e-07, 0.015917
7.435118e-07, 0.018057
7.437118e-07, 0.019947
7.439118e-07, 0.018418
7.441118e-07, 0.017084
7.443117e-07, 0.018279
7.445117e-07, 0.018863
7.447117e-07, 0.017112
7.449118e-07, 0.015138
7.451118e-07, 0.015138
7.453118e-07, 0.016472
7.455118e-07, 0.017918
7.457117e-07, 0.019085
7.459117e-07, 0.020002
7.461117e-07, 0.019141
7.463118e-07, 0.020030
7.465118e-07, 0.018918
7.467118e-07, 0.018446
7.469118e-07, 0.018724
7.471117e-07, 0.019308
7.473117e-07, 0.021476
7.475117e-07, 0.024283
7.477118e-07, 0.024561
7.479118e-07, 0.024811
7.481118e-07, 0.026201
7.483118e-07, 0.027146
7.485117e-07, 0.027813
7.487117e-07, 0.026951
7.489117e-07, 0.027396
7.491118e-07, 0.029230
7.493118e-07, 0.029397
7.495118e-07, 0.029842
7.497118e-07, 0.030342
7.499117e-07, 0.030898
7.501117e-07, 0.030453
7.503117e-07, 0.030064
7.505118e-07, 0.030898
7.507118e-07, 0.030815
7.509118e-07, 0.029119
7.511118e-07, 0.029425
7.513117e-07, 0.029064
7.515117e-07, 0.030148
7.517117e-07, 0.029175
7.519118e-07, 0.029953
7.521118e-07, 0.029981
7.523118e-07, 0.028619
7.525118e-07, 0.028258
7.527117e-07, 0.027479
7.529117e-07, 0.026784
7.531117e-07, 0.026673
7.533118e-07, 0.027813
7.535118e-07, 0.027368
7.537118e-07, 0.028591
7.539118e-07, 0.028146
7.541118e-07, 0.026201
7.543117e-07, 0.026145
7.545117e-07, 0.026840
7.547118e-07, 0.024922
7.549118e-07, 0.023922
7.551118e-07, 0.021420
7.553118e-07, 0.021865
7.555118e-07, 0.024199
7.557117e-07, 0.025839
7.559117e-07, 0.026701
7.561118e-07, 0.026757
7.563118e-07, 0.024394
7.565118e-07, 0.020169
7.567118e-07, 0.015750
7.569118e-07, 0.016500
7.571117e-07, 0.017167
7.573117e-07, 0.018918
7.575118e-07, 0.020058
7.577118e-07, 0.023310
7.579118e-07, 0.029647
7.581118e-07, 0.031537
7.583118e-07, 0.027590
7.585117e-07, 0.023810
7.587117e-07, 0.022504
7.589118e-07, 0.022448
7.591118e-07, 0.021837
7.593118e-07, 0.020392
7.595118e-07, 0.021281
7.597118e-07, 0.021698
7.599117e-07, 0.021754
7.601117e-07, 0.022115
7.603118e-07, 0.021948
7.605118e-07, 0.020781
7.607118e-07, 0.017751
7.609118e-07, 0.019113
7.611118e-07, 0.018363
7.613117e-07, 0.018112
7.615117e-07, 0.020558
7.617118e-07, 0.021837
7.619118e-07, 0.021476
7.621118e-07, 0.020558
7.623118e-07, 0.017973
7.625118e-07, 0.017556
7.627117e-07, 0.015444
7.629117e-07, 0.016000
7.631118e-07, 0.017668
7.633118e-07, 0.018585
7.635118e-07, 0.018057
7.637118e-07, 0.018474
7.639118e-07, 0.017723
7.641117e-07, 0.017807
7.643117e-07, 0.015444
7.645118e-07, 0.015583
7.647118e-07, 0.015250
7.649118e-07, 0.013804
7.651118e-07, 0.013387
7.653118e-07, 0.013220
7.655117e-07, 0.013999
7.657117e-07, 0.015083
7.659118e-07, 0.015416
7.661118e-07, 0.016000
7.663118e-07, 0.013693
7.665118e-07, 0.012748
7.667118e-07, 0.011247
7.669117e-07, 0.010135
7.671117e-07, 0.009968
7.673118e-07, 0.011247
7.675118e-07, 0.010691
7.677118e-07, 0.011025
7.679118e-07, 0.011080
7.681118e-07, 0.011358
7.683117e-07, 0.009691
7.685117e-07, 0.009107
7.687118e-07, 0.007856
7.689118e-07, 0.007189
7.691118e-07, 0.008273
7.693118e-07, 0.007356
7.695118e-07, 0.006855
7.697117e-07, 0.007995
7.699117e-07, 0.008134
7.701118e-07, 0.007606
7.703118e-07, 0.007022
7.705118e-07, 0.007689
7.707118e-07, 0.007328
7.709118e-07, 0.005243
7.711117e-07, 0.004104
7.713117e-07, 0.006716
7.715117e-07, 0.010636
7.717118e-07, 0.011275
7.719118e-07, 0.010219
7.721118e-07, 0.009524
7.723118e-07, 0.009162
7.725117e-07, 0.006411
7.727117e-07, 0.007717
7.729117e-07, 0.013387
7.731118e-07, 0.016222
7.733118e-07, 0.017056
7.735118e-07, 0.017751
7.737118e-07, 0.019335
7.739117e-07, 0.018946
7.741117e-07, 0.017167
7.743117e-07, 0.018112
7.745118e-07, 0.019308
7.747118e-07, 0.017195
7.749118e-07, 0.015444
7.751118e-07, 0.017279
7.753117e-07, 0.018112
7.755117e-07, 0.019169
7.757117e-07, 0.020503
7.759118e-07, 0.020614
7.761118e-07, 0.019530
7.763118e-07, 0.019613
7.765118e-07, 0.019363
7.767117e-07, 0.018585
7.769117e-07, 0.018085
7.771117e-07, 0.019808
7.773118e-07, 0.021976
7.775118e-07, 0.024589
7.777118e-07, 0.025339
7.779118e-07, 0.024561
7.781117e-07, 0.025089
7.783117e-07, 0.026590
7.785117e-07, 0.026757
7.787118e-07, 0.027479
7.789118e-07, 0.028202
7.791118e-07, 0.028480
7.793118e-07, 0.029953
7.795117e-07, 0.030787
7.797117e-07, 0.031676
7.799117e-07, 0.031649
7.801118e-07, 0.031065
7.803118e-07, 0.030481
7.805118e-07, 0.030509
7.807118e-07, 0.028758
7.809117e-07, 0.028397
7.811117e-07, 0.027563
7.813117e-07, 0.028341
7.815118e-07, 0.029397
7.817118e-07, 0.028341
7.819118e-07, 0.029897
7.821118e-07, 0.029786
7.823118e-07, 0.029925
7.825117e-07, 0.027729
7.827117e-07, 0.026173
7.829118e-07, 0.026034
7.831118e-07, 0.025506
7.833118e-07, 0.026090
7.835118e-07, 0.027312
7.837118e-07, 0.028841
7.839117e-07, 0.027563
7.841117e-07, 0.026451
7.843118e-07, 0.026006
7.845118e-07, 0.026812
7.847118e-07, 0.026618
7.849118e-07, 0.025895
7.851118e-07, 0.023616
7.853117e-07, 0.021726
7.855117e-07, 0.022782
7.857118e-07, 0.025033
7.859118e-07, 0.028007
7.861118e-07, 0.027090
7.863118e-07, 0.026117
7.865118e-07, 0.021754
7.867117e-07, 0.017751
7.869117e-07, 0.017473
7.871118e-07, 0.016889
7.873118e-07, 0.018390
7.875118e-07, 0.019419
7.877118e-07, 0.023699
7.879118e-07, 0.028452
7.881117e-07, 0.031537
7.883117e-07, 0.028007
7.885118e-07, 0.025367
7.887118e-07, 0.023227
7.889118e-07, 0.021892
7.891118e-07, 0.020725
7.893118e-07, 0.019641
7.895117e-07, 0.019530
7.897117e-07, 0.021642
7.899118e-07, 0.022226
7.901118e-07, 0.021726
7.903118e-07, 0.021837
7.905118e-07, 0.020781
7.907118e-07, 0.017751
7.909117e-07, 0.017334
7.911117e-07, 0.017556
7.913118e-07, 0.017584
7.915118e-07, 0.020169
7.917118e-07, 0.021281
7.919118e-07, 0.021114
7.921118e-07, 0.020169
7.923117e-07, 0.018529
7.925117e-07, 0.018196
7.927118e-07, 0.017223
7.929118e-07, 0.017334
7.931118e-07, 0.017334
7.933118e-07, 0.017195
7.935118e-07, 0.016806
7.937117e-07, 0.017195
7.939117e-07, 0.017807
7.941118e-07, 0.016667
7.943118e-07, 0.016222
7.945118e-07, 0.016528
7.947118e-07, 0.014721
7.949118e-07, 0.014833
7.951117e-07, 0.014332
7.953117e-07, 0.013637
7.955118e-07, 0.014027
7.957118e-07, 0.013721
7.959118e-07, 0.014304
7.961118e-07, 0.014582
7.963118e-07, 0.014193
7.965117e-07, 0.012915
7.967117e-07, 0.010358
7.969118e-07, 0.009552
7.971118e-07, 0.009579
7.973118e-07, 0.009051
7.975118e-07, 0.008884
7.977118e-07, 0.009607
7.979117e-07, 0.010691
7.981117e-07, 0.011859
7.983118e-07, 0.010246
7.985118e-07, 0.007689
7.987118e-07, 0.006577
7.989118e-07, 0.006716
7.991118e-07, 0.007245
7.993117e-07, 0.008134
7.995117e-07, 0.007939
7.997118e-07, 0.006967
7.999118e-07, 0.007356
8.001118e-07, 0.007356
8.003118e-07, 0.007356
8.005118e-07, 0.007189
8.007117e-07, 0.005605
8.009117e-07, 0.003520
8.011118e-07, 0.001658
8.013118e-07, 0.003993
8.015118e-07, 0.008551
8.017118e-07, 0.010413
8.019118e-07, 0.010024
8.021117e-07, 0.008245
8.023117e-07, 0.006550
8.025117e-07, 0.004187
8.027118e-07, 0.005521
8.029118e-07, 0.011025
8.031118e-07, 0.013832
8.033118e-07, 0.014721
8.035117e-07, 0.016584
8.037117e-07, 0.017612
8.039117e-07, 0.018112
8.041118e-07, 0.016611
8.043118e-07, 0.017890
8.045118e-07, 0.019863
8.047118e-07, 0.017612
8.049117e-07, 0.015500
8.051117e-07, 0.014582
8.053117e-07, 0.015444
8.055118e-07, 0.017556
8.057118e-07, 0.018279
8.059118e-07, 0.018807
8.061118e-07, 0.019224
8.063117e-07, 0.018752
8.065117e-07, 0.017807
8.067117e-07, 0.017445
8.069118e-07, 0.018085
8.071118e-07, 0.018112
8.073118e-07, 0.020586
8.075118e-07, 0.021976
8.077117e-07, 0.022226
8.079117e-07, 0.023393
8.081117e-07, 0.024783
8.083118e-07, 0.025839
8.085118e-07, 0.026673
8.087118e-07, 0.026562
8.089118e-07, 0.027285
8.091117e-07, 0.027174
8.093117e-07, 0.028397
8.095117e-07, 0.029008
8.097118e-07, 0.031037
8.099118e-07, 0.030009
8.101118e-07, 0.028397
8.103118e-07, 0.029703
8.105118e-07, 0.029981
8.107117e-07, 0.028258
8.109117e-07, 0.027590
8.111118e-07, 0.027841
8.113118e-07, 0.027646
8.115118e-07, 0.028258
8.117118e-07, 0.029675
8.119118e-07, 0.030148
8.121117e-07, 0.030370
8.123117e-07, 0.029369
8.125118e-07, 0.028230
8.127118e-07, 0.027229
8.129118e-07, 0.026090
8.131118e-07, 0.025700
8.133118e-07, 0.026201
8.135117e-07, 0.028174
8.137117e-07, 0.028619
8.139118e-07, 0.028341
8.141118e-07, 0.027007
8.143118e-07, 0.027257
8.145118e-07, 0.027702
8.147118e-07, 0.026506
8.149117e-07, 0.026312
8.151117e-07, 0.024644
8.153118e-07, 0.022699
8.155118e-07, 0.024060
8.157118e-07, 0.025784
8.159118e-07, 0.027896
8.161118e-07, 0.028063
8.163117e-07, 0.026228
8.165117e-07, 0.022448
8.167118e-07, 0.017418
8.169118e-07, 0.015611
8.171118e-07, 0.016306
8.173118e-07, 0.017973
8.175118e-07, 0.018807
8.177117e-07, 0.022504
8.179117e-07, 0.027618
8.181118e-07, 0.031899
8.183118e-07, 0.028424
8.185118e-07, 0.023310
8.187118e-07, 0.024172
8.189118e-07, 0.023616
8.191117e-07, 0.021503
8.193117e-07, 0.019808
8.195118e-07, 0.019947
8.197118e-07, 0.022031
8.199118e-07, 0.023477
8.201118e-07, 0.022254
8.203118e-07, 0.021225
8.205117e-07, 0.020392
8.207117e-07, 0.016361
8.209118e-07, 0.017112
8.211118e-07, 0.017723
8.213118e-07, 0.017279
8.215118e-07, 0.017112
8.217118e-07, 0.019447
8.219117e-07, 0.020586
8.221117e-07, 0.019252
8.223118e-07, 0.018446
8.225118e-07, 0.016222
8.227118e-07, 0.014805
8.229118e-07, 0.015222
8.231118e-07, 0.014638
8.233117e-07, 0.016028
8.235117e-07, 0.016639
8.237118e-07, 0.017501
8.239118e-07, 0.016778
8.241118e-07, 0.015111
8.243118e-07, 0.014805
8.245118e-07, 0.013749
8.247117e-07, 0.013637
8.249117e-07, 0.013276
8.251118e-07, 0.012498
8.253118e-07, 0.013054
8.255118e-07, 0.012859
8.257118e-07, 0.013999
8.259118e-07, 0.014888
8.261117e-07, 0.013582
8.263117e-07, 0.013248
8.265118e-07, 0.013220
8.267118e-07, 0.010497
8.269118e-07, 0.011581
8.271118e-07, 0.010691
8.273118e-07, 0.010163
8.275117e-07, 0.010052
8.277117e-07, 0.008884
8.279118e-07, 0.010608
8.281118e-07, 0.010663
8.283118e-07, 0.008468
8.285118e-07, 0.007495
8.287118e-07, 0.006522
8.289117e-07, 0.006272
8.291117e-07, 0.006605
8.293118e-07, 0.008273
8.295118e-07, 0.008579
8.297118e-07, 0.007022
8.299118e-07, 0.006383
8.301118e-07, 0.007856
8.303117e-07, 0.008690
8.305117e-07, 0.007050
8.307118e-07, 0.006939
8.309118e-07, 0.004465
8.311118e-07, 0.003325
8.313118e-07, 0.004409
8.315118e-07, 0.008384
8.317117e-07, 0.011275
8.319117e-07, 0.009718
8.321117e-07, 0.008329
8.323118e-07, 0.008607
8.325118e-07, 0.005910
8.327118e-07, 0.004548
8.329118e-07, 0.010580
8.331117e-07, 0.014082
8.333117e-07, 0.014443
8.335117e-07, 0.016528
8.337118e-07, 0.018307
8.339118e-07, 0.018752
8.341118e-07, 0.016556
8.343118e-07, 0.016750
8.345117e-07, 0.018224
8.347117e-07, 0.016584
8.349117e-07, 0.015250
8.351118e-07, 0.014972
8.353118e-07, 0.015500
8.355118e-07, 0.017390
8.357118e-07, 0.017862
8.359117e-07, 0.018251
8.361117e-07, 0.019474
8.363117e-07, 0.019335
8.365118e-07, 0.018640
8.367118e-07, 0.017223
8.369118e-07, 0.017584
8.371118e-07, 0.019836
8.373117e-07, 0.020197
8.375117e-07, 0.023393
8.377117e-07, 0.024561
8.379118e-07, 0.025061
8.381118e-07, 0.024561
8.383118e-07, 0.025812
8.385118e-07, 0.026784
8.387118e-07, 0.026896
8.389117e-07, 0.027340
8.391117e-07, 0.028647
8.393118e-07, 0.029925
8.395118e-07, 0.030676
8.397118e-07, 0.031843
8.399118e-07, 0.031871
8.401118e-07, 0.031315
8.403117e-07, 0.031649
8.405117e-07, 0.031593
8.407118e-07, 0.029536
8.409118e-07, 0.029230
8.411118e-07, 0.028119
8.413118e-07, 0.028007
8.415118e-07, 0.030342
8.417117e-07, 0.030342
8.419117e-07, 0.030703
8.421118e-07, 0.030342
8.423118e-07, 0.029397
8.425118e-07, 0.028980
8.427118e-07, 0.027090
8.429118e-07, 0.025951
8.431117e-07, 0.026228
8.433117e-07, 0.026117
8.435118e-07, 0.025756
8.437118e-07, 0.026784
8.439118e-07, 0.026951
8.441118e-07, 0.025978
8.443118e-07, 0.026757
8.445117e-07, 0.026312
8.447117e-07, 0.023699
8.449118e-07, 0.023310
8.451118e-07, 0.022838
8.453118e-07, 0.021531
8.455118e-07, 0.021837
8.457118e-07, 0.022921
8.459117e-07, 0.024867
8.461117e-07, 0.025089
8.463118e-07, 0.024338
8.465118e-07, 0.023477
8.467118e-07, 0.018307
8.469118e-07, 0.015361
8.471118e-07, 0.016723
8.473117e-07, 0.016556
8.475117e-07, 0.018001
8.477118e-07, 0.021225
8.479118e-07, 0.025367
8.481118e-07, 0.031009
8.483118e-07, 0.030148
8.485118e-07, 0.023783
8.487117e-07, 0.021281
8.489117e-07, 0.021615
8.491118e-07, 0.020697
8.493118e-07, 0.020642
8.495118e-07, 0.019586
8.497118e-07, 0.021003
8.499118e-07, 0.022170
8.501117e-07, 0.020697
8.503117e-07, 0.020531
8.505118e-07, 0.021142
8.507118e-07, 0.018363
8.509118e-07, 0.017584
8.511118e-07, 0.018418
8.513118e-07, 0.016723
8.515117e-07, 0.016500
8.517117e-07, 0.020002
8.519118e-07, 0.021726
8.521118e-07, 0.020336
8.523118e-07, 0.018529
8.525118e-07, 0.017862
8.527118e-07, 0.016611
8.529117e-07, 0.016445
8.531117e-07, 0.017195
8.533118e-07, 0.017028
8.535118e-07, 0.016806
8.537118e-07, 0.016695
8.539118e-07, 0.016195
8.541118e-07, 0.016834
8.543117e-07, 0.015527
8.545117e-07, 0.015583
8.547118e-07, 0.015555
8.549118e-07, 0.014249
8.551118e-07, 0.013526
8.553118e-07, 0.011636
8.555118e-07, 0.013304
8.557117e-07, 0.013359
8.559117e-07, 0.014555
8.561118e-07, 0.014416
8.563118e-07, 0.013304
8.565118e-07, 0.013554
8.567118e-07, 0.009968
8.569118e-07, 0.010024
8.571117e-07, 0.009051
8.573117e-07, 0.008857
8.575118e-07, 0.008829
8.577118e-07, 0.008690
8.579118e-07, 0.010246
8.581118e-07, 0.010469
8.583118e-07, 0.009941
8.585117e-07, 0.009051
8.587117e-07, 0.006411
8.589118e-07, 0.006967
8.591118e-07, 0.007245
8.593118e-07, 0.008217
8.595118e-07, 0.008495
8.597118e-07, 0.007189
8.599117e-07, 0.006605
8.601117e-07, 0.007411
8.603118e-07, 0.007912
8.605118e-07, 0.007606
8.607118e-07, 0.007106
8.609118e-07, 0.004826
8.611118e-07, 0.002492
8.613117e-07, 0.004548
8.615117e-07, 0.007078
8.617118e-07, 0.010608
8.619118e-07, 0.011191
8.621118e-07, 0.008801
8.623118e-07, 0.007272
8.625118e-07, 0.006633
8.627117e-07, 0.005438
8.629117e-07, 0.008468
8.631117e-07, 0.013054
8.633118e-07, 0.013888
8.635118e-07, 0.015500
8.637118e-07, 0.016639
8.639118e-07, 0.019474
8.641117e-07, 0.017723
8.643117e-07, 0.016889
8.645117e-07, 0.018585
8.647118e-07, 0.017946
8.649118e-07, 0.016028
8.651118e-07, 0.014666
8.653118e-07, 0.015138
8.655117e-07, 0.016417
8.657117e-07, 0.017779
8.659117e-07, 0.019196
8.661118e-07, 0.019474
8.663118e-07, 0.018863
8.665118e-07, 0.019030
8.667118e-07, 0.017056
8.669118e-07, 0.016528
8.671117e-07, 0.017084
8.673117e-07, 0.019669
8.675118e-07, 0.021170
8.677118e-07, 0.022504
8.679118e-07, 0.023755
8.681118e-07, 0.024172
8.683118e-07, 0.024366
8.685117e-07, 0.024811
8.687117e-07, 0.025478
8.689118e-07, 0.025812
8.691118e-07, 0.024978
8.693118e-07, 0.025506
8.695118e-07, 0.029119
8.697118e-07, 0.030064
8.699117e-07, 0.030231
8.701117e-07, 0.031204
8.703118e-07, 0.030203
8.705118e-07, 0.029592
8.707118e-07, 0.027729
8.709118e-07, 0.027980
8.711118e-07, 0.028091
8.713117e-07, 0.026923
8.715117e-07, 0.028369
8.717118e-07, 0.029119
8.719118e-07, 0.029314
8.721118e-07, 0.028786
8.723118e-07, 0.027368
8.725118e-07, 0.027479
8.727117e-07, 0.025506
8.729117e-07, 0.025534
8.731118e-07, 0.024589
8.733118e-07, 0.025756
8.735118e-07, 0.027062
8.737118e-07, 0.026979
8.739118e-07, 0.027312
8.741117e-07, 0.026284
8.743117e-07, 0.026479
8.745118e-07, 0.027285
8.747118e-07, 0.026117
8.749118e-07, 0.025033
8.751118e-07, 0.023393
8.753118e-07, 0.022031
8.755117e-07, 0.023310
8.757117e-07, 0.024311
8.759118e-07, 0.025283
8.761118e-07, 0.025172
8.763118e-07, 0.025256
8.765118e-07, 0.024144
8.767118e-07, 0.019335
8.769117e-07, 0.016834
8.771117e-07, 0.015138
8.773118e-07, 0.016445
8.775118e-07, 0.018418
8.777118e-07, 0.021031
8.779118e-07, 0.024811
8.781118e-07, 0.031259
8.783117e-07, 0.031760
8.785117e-07, 0.026757
8.787118e-07, 0.024199
8.789118e-07, 0.022170
8.791118e-07, 0.021503
8.793118e-07, 0.020670
8.795118e-07, 0.019252
8.797117e-07, 0.020253
8.799117e-07, 0.022282
8.801118e-07, 0.022393
8.803118e-07, 0.022365
8.805118e-07, 0.022087
8.807118e-07, 0.018390
8.809118e-07, 0.017195
8.811117e-07, 0.017807
8.813117e-07, 0.018613
8.815118e-07, 0.017918
8.817118e-07, 0.018918
8.819118e-07, 0.021559
8.821118e-07, 0.020947
8.823118e-07, 0.018752
8.825117e-07, 0.017890
8.827117e-07, 0.015472
8.829118e-07, 0.015917
8.831118e-07, 0.016806
8.833118e-07, 0.016584
8.835118e-07, 0.016723
8.837118e-07, 0.016778
8.839117e-07, 0.018224
8.841117e-07, 0.018112
8.843118e-07, 0.017390
8.845118e-07, 0.016334
8.847118e-07, 0.013943
8.849118e-07, 0.013832
8.851118e-07, 0.013137
8.853117e-07, 0.013387
8.855117e-07, 0.012998
8.857118e-07, 0.012220
8.859118e-07, 0.014749
8.861118e-07, 0.014443
8.863118e-07, 0.013888
8.865118e-07, 0.013443
8.867117e-07, 0.010941
8.869117e-07, 0.009746
8.871118e-07, 0.009301
8.873118e-07, 0.008662
8.875118e-07, 0.008634
8.877118e-07, 0.008579
8.879118e-07, 0.009162
8.881117e-07, 0.009635
8.883117e-07, 0.008968
8.885118e-07, 0.009162
8.887118e-07, 0.008245
8.889118e-07, 0.008662
8.891118e-07, 0.008634
8.893118e-07, 0.007439
8.895117e-07, 0.008106
8.897117e-07, 0.007828
8.899118e-07, 0.007439
8.901118e-07, 0.006272
8.903118e-07, 0.007189
8.905118e-07, 0.008884
8.907118e-07, 0.007411
8.909117e-07, 0.004910
8.911117e-07, 0.002631
8.913118e-07, 0.003103
8.915118e-07, 0.006939
8.917118e-07, 0.010330
8.919118e-07, 0.010552
8.921118e-07, 0.010080
8.923117e-07, 0.009301
8.925117e-07, 0.008329
8.927117e-07, 0.004826
8.929118e-07, 0.007467
8.931118e-07, 0.013443
8.933118e-07, 0.014944
8.935118e-07, 0.016111
8.937117e-07, 0.018112
8.939117e-07, 0.019419
8.941117e-07, 0.017334
8.943118e-07, 0.016611
8.945118e-07, 0.019141
8.947118e-07, 0.018474
8.949118e-07, 0.016862
8.951118e-07, 0.016056
8.953117e-07, 0.016695
8.955117e-07, 0.017529
8.957118e-07, 0.017695
8.959118e-07, 0.019863
8.961118e-07, 0.020558
8.963118e-07, 0.018085
8.965118e-07, 0.018502
8.967117e-07, 0.018390
8.969117e-07, 0.018835
8.971118e-07, 0.018307
8.973118e-07, 0.019780
8.975118e-07, 0.022170
8.977118e-07, 0.023810
8.979118e-07, 0.024450
8.981117e-07, 0.024561
8.983117e-07, 0.026284
8.985118e-07, 0.027785
8.987118e-07, 0.028230
8.989118e-07, 0.027924
8.991118e-07, 0.027563
8.993118e-07, 0.029147
8.995117e-07, 0.030870
8.997117e-07, 0.029592
8.999118e-07, 0.031204
9.001118e-07, 0.031954
9.003118e-07, 0.031009
9.005118e-07, 0.031176
9.007118e-07, 0.028897
9.009117e-07, 0.028063
9.011117e-07, 0.027146
9.013118e-07, 0.027507
9.015118e-07, 0.029786
9.017118e-07, 0.029814
9.019118e-07, 0.029675
9.021118e-07, 0.029870
9.023117e-07, 0.028952
9.025117e-07, 0.028869
9.027118e-07, 0.027563
9.029118e-07, 0.026451
9.031118e-07, 0.025089
9.033118e-07, 0.025450
9.035118e-07, 0.026590
9.037117e-07, 0.028230
9.039117e-07, 0.029036
9.041118e-07, 0.028369
9.043118e-07, 0.027229
9.045118e-07, 0.026590
9.047118e-07, 0.025867
9.049118e-07, 0.025506
9.051117e-07, 0.024978
9.053117e-07, 0.022254
9.055118e-07, 0.021420
9.057118e-07, 0.024199
9.059118e-07, 0.026618
9.061118e-07, 0.025895
9.063118e-07, 0.024894
9.065117e-07, 0.024728
9.067117e-07, 0.021114
9.069118e-07, 0.017279
9.071118e-07, 0.016639
9.073118e-07, 0.016667
9.075118e-07, 0.020308
9.077118e-07, 0.021170
9.079117e-07, 0.024561
9.081117e-07, 0.030314
9.083118e-07, 0.030620
9.085118e-07, 0.026506
9.087118e-07, 0.022587
9.089118e-07, 0.022198
9.091118e-07, 0.022198
9.093117e-07, 0.021865
9.095117e-07, 0.020253
9.097118e-07, 0.019419
9.099118e-07, 0.022504
9.101118e-07, 0.023060
9.103118e-07, 0.021225
9.105118e-07, 0.021559
9.107117e-07, 0.020058
9.109117e-07, 0.017723
9.111118e-07, 0.016862
9.113118e-07, 0.017001
9.115118e-07, 0.016417
9.117118e-07, 0.018251
9.119118e-07, 0.020086
9.121117e-07, 0.020364
9.123117e-07, 0.018502
9.125118e-07, 0.017167
9.127118e-07, 0.016195
9.129118e-07, 0.015555
9.131118e-07, 0.016584
9.133118e-07, 0.016695
9.135117e-07, 0.017723
9.137117e-07, 0.017390
9.139118e-07, 0.017112
9.141118e-07, 0.017362
9.143118e-07, 0.016195
9.145118e-07, 0.015555
9.147118e-07, 0.014138
9.149117e-07, 0.013721
9.151117e-07, 0.012692
9.153118e-07, 0.011886
9.155118e-07, 0.013304
9.157118e-07, 0.013888
9.159118e-07, 0.014527
9.161118e-07, 0.015583
9.163117e-07, 0.014916
9.165117e-07, 0.014054
9.167118e-07, 0.011914
9.169118e-07, 0.011303
9.171118e-07, 0.010858
9.173118e-07, 0.010052
9.175118e-07, 0.010330
9.177117e-07, 0.010330
9.179117e-07, 0.011720
9.181118e-07, 0.011803
9.183118e-07, 0.011303
9.185118e-07, 0.010858
9.187118e-07, 0.008190
9.189118e-07, 0.006689
9.191117e-07, 0.006633
9.193117e-07, 0.007912
9.195118e-07, 0.008940
9.197118e-07, 0.008634
9.199118e-07, 0.007106
9.201118e-07, 0.006466
9.203118e-07, 0.007384
9.205117e-07, 0.007328
9.207117e-07, 0.006772
9.209118e-07, 0.006105
9.211118e-07, 0.004799
9.213118e-07, 0.003409
9.215118e-07, 0.004799
9.217118e-07, 0.009440
9.219117e-07, 0.011664
9.221117e-07, 0.009635
9.223118e-07, 0.008412
9.225118e-07, 0.007995
9.227118e-07, 0.004576
9.229118e-07, 0.005966
9.231118e-07, 0.010135
9.233118e-07, 0.012553
9.235117e-07, 0.014694
9.237117e-07, 0.016528
9.239118e-07, 0.018891
9.241118e-07, 0.018307
9.243118e-07, 0.016139
9.245118e-07, 0.018835
9.247118e-07, 0.019363
9.249117e-07, 0.017779
9.251117e-07, 0.015639
9.253118e-07, 0.015472
9.255118e-07, 0.016834
9.257118e-07, 0.016667
9.259118e-07, 0.017390
9.261118e-07, 0.017779
9.263117e-07, 0.018724
9.265117e-07, 0.017918
9.267118e-07, 0.018085
9.269118e-07, 0.017167
9.271118e-07, 0.016695
9.273118e-07, 0.019057
9.275118e-07, 0.021976
9.277117e-07, 0.024450
9.279117e-07, 0.024505
9.281118e-07, 0.024060
9.283118e-07, 0.024477
9.285118e-07, 0.025951
9.287118e-07, 0.026228
9.289118e-07, 0.027674
9.291117e-07, 0.026812
9.293117e-07, 0.026784
9.295118e-07, 0.028452
9.297118e-07, 0.029314
9.299118e-07, 0.030481
9.301118e-07, 0.030120
9.303118e-07, 0.030064
9.305118e-07, 0.031649
9.307118e-07, 0.029981
9.309118e-07, 0.028841
9.311117e-07, 0.027813
9.313117e-07, 0.027813
9.315117e-07, 0.028480
9.317117e-07, 0.029008
9.319117e-07, 0.029147
9.321117e-07, 0.029953
9.323118e-07, 0.029369
9.325118e-07, 0.027729
9.327118e-07, 0.027618
9.329118e-07, 0.026868
9.331118e-07, 0.026006
9.333118e-07, 0.026979
9.335118e-07, 0.027035
9.337118e-07, 0.027590
9.339117e-07, 0.029119
9.341117e-07, 0.028230
9.343117e-07, 0.027062
9.345117e-07, 0.027479
9.347117e-07, 0.026506
9.349117e-07, 0.026256
9.351118e-07, 0.025450
9.353118e-07, 0.023338
9.355118e-07, 0.022004
9.357118e-07, 0.024088
9.359118e-07, 0.025395
9.361118e-07, 0.027174
9.363118e-07, 0.027118
9.365118e-07, 0.025839
9.367117e-07, 0.022254
9.369117e-07, 0.018502
9.371117e-07, 0.016195
9.373117e-07, 0.018029
9.375117e-07, 0.018613
9.377117e-07, 0.020141
9.379118e-07, 0.024116
9.381118e-07, 0.029064
9.383118e-07, 0.032093
9.385118e-07, 0.029508
9.387118e-07, 0.024088
9.389118e-07, 0.022949
9.391118e-07, 0.021142
9.393118e-07, 0.020892
9.395118e-07, 0.020058
9.397117e-07, 0.019697
9.399117e-07, 0.021559
9.401117e-07, 0.022365
9.403117e-07, 0.020836
9.405117e-07, 0.021225
9.407118e-07, 0.019724
9.409118e-07, 0.018335
9.411118e-07, 0.016389
9.413118e-07, 0.016945
9.415118e-07, 0.016361
9.417118e-07, 0.017473
9.419118e-07, 0.021031
9.421118e-07, 0.020058
9.423118e-07, 0.019752
9.425117e-07, 0.018668
9.427117e-07, 0.016889
9.429117e-07, 0.015500
9.431117e-07, 0.015666
9.433117e-07, 0.017501
9.435118e-07, 0.017362
9.437118e-07, 0.016695
9.439118e-07, 0.016334
9.441118e-07, 0.017306
9.443118e-07, 0.017001
9.445118e-07, 0.016195
9.447118e-07, 0.015027
9.449118e-07, 0.013610
9.451118e-07, 0.013165
9.453117e-07, 0.012748
9.455117e-07, 0.012665
9.457117e-07, 0.013193
9.459117e-07, 0.014443
9.461117e-07, 0.013943
9.463118e-07, 0.013498
9.465118e-07, 0.012887
9.467118e-07, 0.011275
9.469118e-07, 0.010302
9.471118e-07, 0.009996
9.473118e-07, 0.009107
9.475118e-07, 0.009190
9.477118e-07, 0.008940
9.479118e-07, 0.009829
9.481117e-07, 0.011469
9.483117e-07, 0.011108
9.485117e-07, 0.009635
9.487117e-07, 0.007967
9.489117e-07, 0.006994
9.491118e-07, 0.006855
9.493118e-07, 0.009691
9.495118e-07, 0.009385
9.497118e-07, 0.008245
9.499118e-07, 0.006800
9.501118e-07, 0.006327
9.503118e-07, 0.007300
9.505118e-07, 0.008579
9.507118e-07, 0.007717
9.509117e-07, 0.006494
9.511117e-07, 0.003659
9.513117e-07, 0.003603
9.515117e-07, 0.006355
9.517117e-07, 0.010636
9.519118e-07, 0.011469
9.521118e-07, 0.010135
9.523118e-07, 0.009190
9.525118e-07, 0.008356
9.527118e-07, 0.005771
9.529118e-07, 0.006327
9.531118e-07, 0.010691
9.533118e-07, 0.014499
9.535118e-07, 0.015917
9.537117e-07, 0.016889
9.539117e-07, 0.019502
9.541117e-07, 0.020308
9.543117e-07, 0.019030
9.545117e-07, 0.018752
9.547117e-07, 0.018613
9.549118e-07, 0.018946
9.551118e-07, 0.016306
9.553118e-07, 0.015416
9.555118e-07, 0.016445
9.557118e-07, 0.017973
9.559118e-07, 0.018140
9.561118e-07, 0.019002
9.563118e-07, 0.018502
9.565117e-07, 0.019030
9.567117e-07, 0.018112
9.569117e-07, 0.018112
9.571117e-07, 0.017695
9.573117e-07, 0.020058
9.575117e-07, 0.022226
9.577118e-07, 0.023727
9.579118e-07, 0.027340
9.581118e-07, 0.025951
9.583118e-07, 0.025923
9.585118e-07, 0.027952
9.587118e-07, 0.027424
9.589118e-07, 0.027674
9.591118e-07, 0.029147
9.593117e-07, 0.029397
9.595117e-07, 0.029703
9.597117e-07, 0.031176
9.599117e-07, 0.031815
9.601117e-07, 0.032455
9.603117e-07, 0.032232
9.605118e-07, 0.031787
9.607118e-07, 0.030703
9.609118e-07, 0.029870
9.611118e-07, 0.029175
9.613118e-07, 0.029647
9.615118e-07, 0.029981
9.617118e-07, 0.030426
9.619118e-07, 0.030981
9.621117e-07, 0.030064
9.623117e-07, 0.030926
9.625117e-07, 0.030898
9.627117e-07, 0.029369
9.629117e-07, 0.027868
9.631117e-07, 0.026479
9.633118e-07, 0.025061
9.635118e-07, 0.026840
9.637118e-07, 0.027257
9.639118e-07, 0.027785
9.641118e-07, 0.027618
9.643118e-07, 0.027035
9.645118e-07, 0.025478
9.647118e-07, 0.024561
9.649117e-07, 0.024672
9.651117e-07, 0.024867
9.653117e-07, 0.024060
9.655117e-07, 0.023783
9.657117e-07, 0.024033
9.659117e-07, 0.024477
9.661118e-07, 0.025256
9.663118e-07, 0.025200
9.665118e-07, 0.024589
9.667118e-07, 0.023032
9.669118e-07, 0.018474
9.671118e-07, 0.017473
9.673118e-07, 0.018085
9.675118e-07, 0.019335
9.677118e-07, 0.021198
9.679117e-07, 0.022643
9.681117e-07, 0.026896
9.683117e-07, 0.032260
9.685117e-07, 0.028869
9.687117e-07, 0.021920
9.689118e-07, 0.022448
9.691118e-07, 0.022309
9.693118e-07, 0.020280
9.695118e-07, 0.019196
9.697118e-07, 0.018779
9.699118e-07, 0.021587
9.701118e-07, 0.023032
9.703118e-07, 0.021754
9.705118e-07, 0.021865
9.707117e-07, 0.020864
9.709117e-07, 0.018529
9.711117e-07, 0.017001
9.713117e-07, 0.017251
9.715117e-07, 0.016945
9.717118e-07, 0.018752
9.719118e-07, 0.020781
9.721118e-07, 0.021059
9.723118e-07, 0.021559
9.725118e-07, 0.019335
9.727118e-07, 0.016667
9.729118e-07, 0.016306
9.731118e-07, 0.016445
9.733118e-07, 0.018112
9.735117e-07, 0.017195
9.737117e-07, 0.017418
9.739117e-07, 0.018363
9.741117e-07, 0.016945
9.743117e-07, 0.017084
9.745118e-07, 0.015861
9.747118e-07, 0.014833
9.749118e-07, 0.014249
9.751118e-07, 0.014166
9.753118e-07, 0.012637
9.755118e-07, 0.012720
9.757118e-07, 0.014193
9.759118e-07, 0.013943
9.761118e-07, 0.015055
9.763117e-07, 0.016417
9.765117e-07, 0.015444
9.767117e-07, 0.013026
9.769117e-07, 0.011553
