-2.348825e-08, 0.021920
-2.328825e-08, 0.024477
-2.308825e-08, 0.029870
-2.288825e-08, 0.031176
-2.268825e-08, 0.026840
-2.248825e-08, 0.024366
-2.228825e-08, 0.023227
-2.208825e-08, 0.023366
-2.188825e-08, 0.020781
-2.168825e-08, 0.018807
-2.148825e-08, 0.020253
-2.128825e-08, 0.022532
-2.108825e-08, 0.022976
-2.088825e-08, 0.023866
-2.068825e-08, 0.023783
-2.048825e-08, 0.019975
-2.028825e-08, 0.017390
-2.008825e-08, 0.017807
-1.988825e-08, 0.017556
-1.968825e-08, 0.016500
-1.948825e-08, 0.019752
-1.928825e-08, 0.022115
-1.908825e-08, 0.021503
-1.888825e-08, 0.020475
-1.868825e-08, 0.016973
-1.848825e-08, 0.015666
-1.828825e-08, 0.016556
-1.808825e-08, 0.017084
-1.788825e-08, 0.016862
-1.768825e-08, 0.015444
-1.748825e-08, 0.016306
-1.728825e-08, 0.017612
-1.708825e-08, 0.018474
-1.688825e-08, 0.016917
-1.668825e-08, 0.015416
-1.648825e-08, 0.013554
-1.628825e-08, 0.013137
-1.608825e-08, 0.014027
-1.588825e-08, 0.012887
-1.568825e-08, 0.012831
-1.548825e-08, 0.012609
-1.528825e-08, 0.014888
-1.508825e-08, 0.014721
-1.488825e-08, 0.013693
-1.468825e-08, 0.013999
-1.448825e-08, 0.012387
-1.428825e-08, 0.010441
-1.408825e-08, 0.010052
-1.388825e-08, 0.010608
-1.368825e-08, 0.010330
-1.348825e-08, 0.009913
-1.328825e-08, 0.009718
-1.308825e-08, 0.011720
-1.288825e-08, 0.011330
-1.268825e-08, 0.009385
-1.248825e-08, 0.008662
-1.228825e-08, 0.007133
-1.208825e-08, 0.007189
-1.188825e-08, 0.008495
-1.168825e-08, 0.008607
-1.148825e-08, 0.007078
-1.128825e-08, 0.006077
-1.108825e-08, 0.006355
-1.088825e-08, 0.007689
-1.068825e-08, 0.009246
-1.048825e-08, 0.007634
-1.028825e-08, 0.005466
-1.008825e-08, 0.003520
-9.888250e-09, 0.004465
-9.688250e-09, 0.007634
-9.488250e-09, 0.009885
-9.288250e-09, 0.011497
-9.088250e-09, 0.009413
-8.888250e-09, 0.007661
-8.688250e-09, 0.007745
-8.488250e-09, 0.005299
-8.288250e-09, 0.007523
-8.088250e-09, 0.011997
-7.888250e-09, 0.014610
-7.688250e-09, 0.015944
-7.488250e-09, 0.017973
-7.288250e-09, 0.020141
-7.088250e-09, 0.020864
-6.888250e-09, 0.017251
-6.688250e-09, 0.017807
-6.488250e-09, 0.018363
-6.288250e-09, 0.015527
-6.088250e-09, 0.016056
-5.888250e-09, 0.015944
-5.688250e-09, 0.017223
-5.488250e-09, 0.019975
-5.288250e-09, 0.020419
-5.088250e-09, 0.021198
-4.888250e-09, 0.021476
-4.688250e-09, 0.020336
-4.488250e-09, 0.018835
-4.288250e-09, 0.017473
-4.088250e-09, 0.018529
-3.888250e-09, 0.021170
-3.688250e-09, 0.022421
-3.488250e-09, 0.021892
-3.288250e-09, 0.021837
-3.088250e-09, 0.023254
-2.888250e-09, 0.026062
-2.688250e-09, 0.030787
-2.488250e-09, 0.030898
-2.288250e-09, 0.029008
-2.088250e-09, 0.027674
-1.888250e-09, 0.026367
-1.688250e-09, 0.030175
-1.488250e-09, 0.033149
-1.288250e-09, 0.031871
-1.088250e-09, 0.030926
-8.882500e-10, 0.031065
-6.882500e-10, 0.034428
-4.882500e-10, 0.033372
-2.882500e-10, 0.026479
-8.825000e-11, 0.023143
1.117500e-10, 0.023393
3.117500e-10, 0.028119
5.117500e-10, 0.031982
7.117500e-10, 0.033817
9.117500e-10, 0.034845
1.111750e-09, 0.031371
1.311750e-09, 0.028230
1.511750e-09, 0.027201
1.711750e-09, 0.024700
1.911750e-09, 0.024922
2.111750e-09, 0.026117
2.311750e-09, 0.027507
2.511750e-09, 0.028786
2.711750e-09, 0.029814
2.911750e-09, 0.029147
3.111750e-09, 0.027952
3.311750e-09, 0.027146
3.511750e-09, 0.025756
3.711750e-09, 0.024227
3.911750e-09, 0.022170
4.111750e-09, 0.020753
4.311750e-09, 0.021892
4.511750e-09, 0.023838
4.711750e-09, 0.024616
4.911750e-09, 0.025700
5.111750e-09, 0.025617
5.311750e-09, 0.023588
5.511750e-09, 0.019308
5.711750e-09, 0.014972
5.911750e-09, 0.014749
6.111750e-09, 0.017362
6.311750e-09, 0.020169
6.511750e-09, 0.024144
6.711750e-09, 0.027062
6.911750e-09, 0.032371
7.111750e-09, 0.033705
7.311750e-09, 0.029842
7.511750e-09, 0.027757
7.711750e-09, 0.027924
7.911750e-09, 0.027646
8.111750e-09, 0.027201
8.311750e-09, 0.028397
8.511750e-09, 0.028619
8.711750e-09, 0.028508
8.911750e-09, 0.027924
9.111750e-09, 0.027507
9.311750e-09, 0.028035
9.511750e-09, 0.026201
9.711750e-09, 0.022699
9.911750e-09, 0.022309
1.011175e-08, 0.021503
1.031175e-08, 0.020002
1.051175e-08, 0.023449
1.071175e-08, 0.025256
1.091175e-08, 0.024338
1.111175e-08, 0.022004
1.131175e-08, 0.019280
1.151175e-08, 0.016667
1.171175e-08, 0.015889
1.191175e-08, 0.015027
1.211175e-08, 0.014944
1.231175e-08, 0.014249
1.251175e-08, 0.013165
1.271175e-08, 0.014721
1.291175e-08, 0.015833
1.311175e-08, 0.014193
1.331175e-08, 0.011775
1.351175e-08, 0.009468
1.371175e-08, 0.008412
1.391175e-08, 0.008273
1.411175e-08, 0.009941
1.431175e-08, 0.011052
1.451175e-08, 0.010969
1.471175e-08, 0.010080
1.491175e-08, 0.007245
1.511175e-08, 0.004632
1.531175e-08, 0.003437
1.551175e-08, 0.002241
1.571175e-08, 0.001185
1.591175e-08, 0.001435
1.611175e-08, 0.002853
1.631175e-08, 0.003298
1.651175e-08, 0.001964
1.671175e-08, 0.004159
1.691175e-08, 0.006439
1.711175e-08, 0.005605
1.731175e-08, 0.004660
1.751175e-08, 0.004715
1.771175e-08, 0.004604
1.791175e-08, 0.004687
1.811175e-08, 0.005827
1.831175e-08, 0.006744
1.851175e-08, 0.005827
1.871175e-08, 0.005521
1.891175e-08, 0.005966
1.911175e-08, 0.005493
1.931175e-08, 0.006272
1.951175e-08, 0.008301
1.971175e-08, 0.007050
1.991175e-08, 0.003993
2.011175e-08, 0.004604
2.031175e-08, 0.007967
2.051175e-08, 0.012414
2.071175e-08, 0.013804
2.091175e-08, 0.012804
2.111175e-08, 0.010719
2.131175e-08, 0.009968
2.151175e-08, 0.007495
2.171175e-08, 0.010274
2.191175e-08, 0.014860
2.211175e-08, 0.016862
2.231175e-08, 0.017001
2.251175e-08, 0.019196
2.271175e-08, 0.022587
2.291175e-08, 0.022782
2.311175e-08, 0.021420
2.331175e-08, 0.022004
2.351175e-08, 0.022699
2.371175e-08, 0.022643
2.391175e-08, 0.022560
2.411175e-08, 0.021726
2.431175e-08, 0.021948
2.451175e-08, 0.022393
2.471175e-08, 0.022421
2.491175e-08, 0.021948
2.511175e-08, 0.021642
2.531175e-08, 0.023032
2.551175e-08, 0.020225
2.571175e-08, 0.018418
2.591175e-08, 0.019196
2.611175e-08, 0.020892
2.631175e-08, 0.023616
2.651175e-08, 0.025728
2.671175e-08, 0.027118
2.691175e-08, 0.027618
2.711175e-08, 0.026701
2.731175e-08, 0.028035
2.751175e-08, 0.028424
2.771175e-08, 0.029258
2.791175e-08, 0.028758
2.811175e-08, 0.028869
2.831175e-08, 0.031426
2.851175e-08, 0.031037
2.871175e-08, 0.032177
2.891175e-08, 0.032177
2.911175e-08, 0.029953
2.931175e-08, 0.030565
2.951175e-08, 0.030148
2.971175e-08, 0.030231
2.991175e-08, 0.029230
3.011175e-08, 0.028535
3.031175e-08, 0.028146
3.051175e-08, 0.029286
3.071175e-08, 0.030064
3.091175e-08, 0.029425
3.111175e-08, 0.028730
3.131175e-08, 0.028508
3.151175e-08, 0.027118
3.171175e-08, 0.026117
3.191175e-08, 0.025756
3.211175e-08, 0.024839
3.231175e-08, 0.022893
3.251175e-08, 0.026840
3.271175e-08, 0.024227
3.291175e-08, 0.025812
3.311175e-08, 0.024088
3.331175e-08, 0.024811
3.351175e-08, 0.025339
3.371175e-08, 0.023366
3.391175e-08, 0.020531
3.411175e-08, 0.020475
3.431175e-08, 0.018140
3.451175e-08, 0.020336
3.471175e-08, 0.021198
3.491175e-08, 0.022699
3.511175e-08, 0.024783
3.531175e-08, 0.020002
3.551175e-08, 0.018974
3.571175e-08, 0.015388
3.591175e-08, 0.014527
3.611175e-08, 0.016417
3.631175e-08, 0.018446
3.651175e-08, 0.020392
3.671175e-08, 0.022587
3.691175e-08, 0.028258
3.711175e-08, 0.033650
3.731175e-08, 0.030537
3.751175e-08, 0.025923
3.771175e-08, 0.025006
3.791175e-08, 0.023393
3.811175e-08, 0.023477
3.831175e-08, 0.023477
3.851175e-08, 0.021837
3.871175e-08, 0.024199
3.891175e-08, 0.024561
3.911175e-08, 0.021948
3.931175e-08, 0.023060
3.951175e-08, 0.022337
3.971175e-08, 0.019280
3.991175e-08, 0.020280
4.011175e-08, 0.019863
4.031175e-08, 0.017140
4.051175e-08, 0.017668
4.071175e-08, 0.020558
4.091175e-08, 0.021948
4.111175e-08, 0.020503
4.131175e-08, 0.019335
4.151175e-08, 0.016778
4.171175e-08, 0.014860
4.191175e-08, 0.014499
4.211175e-08, 0.014860
4.231175e-08, 0.015166
4.251175e-08, 0.013721
4.271175e-08, 0.014304
4.291175e-08, 0.015250
4.311175e-08, 0.014471
4.331175e-08, 0.015611
4.351175e-08, 0.013582
4.371175e-08, 0.011330
4.391175e-08, 0.011497
4.411175e-08, 0.010997
4.431175e-08, 0.010580
4.451175e-08, 0.011052
4.471175e-08, 0.010302
4.491175e-08, 0.011608
4.511175e-08, 0.012637
4.531175e-08, 0.011386
4.551175e-08, 0.009968
4.571175e-08, 0.008745
4.591175e-08, 0.008078
4.611175e-08, 0.008106
4.631175e-08, 0.006550
4.651175e-08, 0.006911
4.671175e-08, 0.009218
4.691175e-08, 0.009996
4.711175e-08, 0.010024
4.731175e-08, 0.008745
4.751175e-08, 0.007912
4.771175e-08, 0.006744
4.791175e-08, 0.007189
4.811175e-08, 0.007384
4.831175e-08, 0.008801
4.851175e-08, 0.007939
4.871175e-08, 0.007745
4.891175e-08, 0.008078
4.911175e-08, 0.007050
4.931175e-08, 0.006800
4.951175e-08, 0.007161
4.971175e-08, 0.007328
4.991175e-08, 0.006133
5.011175e-08, 0.005243
5.031175e-08, 0.006633
5.051175e-08, 0.011497
5.071175e-08, 0.013165
5.091175e-08, 0.012442
5.111175e-08, 0.011414
5.131175e-08, 0.011692
5.151175e-08, 0.008634
5.171175e-08, 0.007161
5.191175e-08, 0.011970
5.211175e-08, 0.015472
5.231175e-08, 0.017112
5.251175e-08, 0.018168
5.271175e-08, 0.020753
5.291175e-08, 0.021448
5.311175e-08, 0.020169
5.331175e-08, 0.019558
5.351175e-08, 0.019975
5.371175e-08, 0.019363
5.391175e-08, 0.018168
5.411175e-08, 0.017140
5.431175e-08, 0.018668
5.451175e-08, 0.020308
5.471175e-08, 0.021337
5.491175e-08, 0.022087
5.511175e-08, 0.021698
5.531175e-08, 0.020503
5.551175e-08, 0.019085
5.571175e-08, 0.018112
5.591175e-08, 0.018112
5.611175e-08, 0.020002
5.631175e-08, 0.020531
5.651175e-08, 0.021114
5.671175e-08, 0.023421
5.691175e-08, 0.024311
5.711175e-08, 0.022921
5.731175e-08, 0.024644
5.751175e-08, 0.026034
5.771175e-08, 0.025033
5.791175e-08, 0.025033
5.811175e-08, 0.025784
5.831175e-08, 0.024839
5.851175e-08, 0.027090
5.871175e-08, 0.028341
5.891175e-08, 0.027451
5.911175e-08, 0.026090
5.931175e-08, 0.027146
5.951175e-08, 0.026006
5.971175e-08, 0.025367
5.991175e-08, 0.024894
6.011175e-08, 0.025422
6.031175e-08, 0.026090
6.051175e-08, 0.026618
6.071175e-08, 0.026562
6.091175e-08, 0.027201
6.111175e-08, 0.027618
6.131175e-08, 0.027896
6.151175e-08, 0.026312
6.171175e-08, 0.025589
6.191175e-08, 0.024505
6.211175e-08, 0.023894
6.231175e-08, 0.026590
6.251175e-08, 0.027424
6.271175e-08, 0.026562
6.291175e-08, 0.026090
6.311175e-08, 0.025645
6.331175e-08, 0.026840
6.351175e-08, 0.026757
6.371175e-08, 0.026256
6.391175e-08, 0.026618
6.411175e-08, 0.025089
6.431175e-08, 0.024505
6.451175e-08, 0.024533
6.471175e-08, 0.025951
6.491175e-08, 0.026562
6.511175e-08, 0.028619
6.531175e-08, 0.026673
6.551175e-08, 0.023838
6.571175e-08, 0.019724
6.591175e-08, 0.017612
6.611175e-08, 0.018640
6.631175e-08, 0.019391
6.651175e-08, 0.021948
6.671175e-08, 0.024978
6.691175e-08, 0.028730
6.711175e-08, 0.032594
6.731175e-08, 0.031843
6.751175e-08, 0.026034
6.771175e-08, 0.023922
6.791175e-08, 0.023477
6.811175e-08, 0.022393
6.831175e-08, 0.022365
6.851175e-08, 0.022004
6.871175e-08, 0.023588
6.891175e-08, 0.024477
6.911175e-08, 0.023505
6.931175e-08, 0.022754
6.951175e-08, 0.022448
6.971175e-08, 0.019558
6.991175e-08, 0.018613
7.011175e-08, 0.018474
7.031175e-08, 0.017223
7.051175e-08, 0.018863
7.071175e-08, 0.020280
7.091175e-08, 0.020531
7.111175e-08, 0.019141
7.131175e-08, 0.018224
7.151175e-08, 0.017306
7.171175e-08, 0.015917
7.191175e-08, 0.016083
7.211175e-08, 0.016917
7.231175e-08, 0.016222
7.251175e-08, 0.015333
7.271175e-08, 0.015111
7.291175e-08, 0.016083
7.311175e-08, 0.017001
7.331175e-08, 0.016417
7.351175e-08, 0.013971
7.371175e-08, 0.013165
7.391175e-08, 0.012164
7.411175e-08, 0.012220
7.431175e-08, 0.013054
7.451175e-08, 0.012220
7.471175e-08, 0.013054
7.491175e-08, 0.013888
7.511175e-08, 0.012970
7.531175e-08, 0.012498
7.551175e-08, 0.012526
7.571175e-08, 0.012470
7.591175e-08, 0.010663
7.611175e-08, 0.009301
7.631175e-08, 0.008996
7.651175e-08, 0.009635
7.671175e-08, 0.009746
7.691175e-08, 0.010941
7.711175e-08, 0.012498
7.731175e-08, 0.010997
7.751175e-08, 0.009691
7.771175e-08, 0.008440
7.791175e-08, 0.007689
7.811175e-08, 0.008607
7.831175e-08, 0.009663
7.851175e-08, 0.009468
7.871175e-08, 0.008078
7.891175e-08, 0.007856
7.911175e-08, 0.008801
7.931175e-08, 0.008996
7.951175e-08, 0.007884
7.971175e-08, 0.007384
7.991175e-08, 0.006077
8.011175e-08, 0.003603
8.031175e-08, 0.005188
8.051175e-08, 0.008940
8.071175e-08, 0.012470
8.091175e-08, 0.010969
8.111175e-08, 0.009274
8.131175e-08, 0.007578
8.151175e-08, 0.006577
8.171175e-08, 0.006633
8.191175e-08, 0.010191
8.211175e-08, 0.013915
8.231175e-08, 0.014999
8.251175e-08, 0.015639
8.271175e-08, 0.017556
8.291175e-08, 0.018168
8.311175e-08, 0.016056
8.331175e-08, 0.016389
8.351175e-08, 0.018752
8.371175e-08, 0.016556
8.391175e-08, 0.014416
8.411175e-08, 0.015666
8.431175e-08, 0.016361
8.451175e-08, 0.016361
8.471175e-08, 0.017946
8.491175e-08, 0.019169
8.511175e-08, 0.020336
8.531175e-08, 0.020558
8.551175e-08, 0.020364
8.571175e-08, 0.020058
8.591175e-08, 0.020586
8.611175e-08, 0.021976
8.631175e-08, 0.021948
8.651175e-08, 0.024533
8.671175e-08, 0.026951
8.691175e-08, 0.028952
8.711175e-08, 0.028758
8.731175e-08, 0.029897
8.751175e-08, 0.030648
8.771175e-08, 0.031565
8.791175e-08, 0.033733
8.811175e-08, 0.035401
8.831175e-08, 0.035929
8.851175e-08, 0.036985
8.871175e-08, 0.037402
8.891175e-08, 0.039209
8.911175e-08, 0.037791
8.931175e-08, 0.038236
8.951175e-08, 0.038125
8.971175e-08, 0.035762
8.991175e-08, 0.034762
9.011175e-08, 0.033817
9.031175e-08, 0.033511
9.051175e-08, 0.034345
9.071175e-08, 0.035429
9.091175e-08, 0.034317
9.111175e-08, 0.035095
9.131175e-08, 0.034706
9.151175e-08, 0.033205
9.171175e-08, 0.032065
9.191175e-08, 0.030731
9.211175e-08, 0.030481
9.231175e-08, 0.029675
9.251175e-08, 0.030203
9.271175e-08, 0.029897
9.291175e-08, 0.030592
9.311175e-08, 0.030064
9.331175e-08, 0.028563
9.351175e-08, 0.028619
9.371175e-08, 0.027896
9.391175e-08, 0.027229
9.411175e-08, 0.024589
9.431175e-08, 0.023616
9.451175e-08, 0.024088
9.471175e-08, 0.025617
9.491175e-08, 0.026117
9.511175e-08, 0.027090
9.531175e-08, 0.028369
9.551175e-08, 0.023977
9.571175e-08, 0.020308
9.591175e-08, 0.017112
9.611175e-08, 0.016472
9.631175e-08, 0.019030
9.651175e-08, 0.019891
9.671175e-08, 0.021809
9.691175e-08, 0.026951
9.711175e-08, 0.032705
9.731175e-08, 0.032371
9.751175e-08, 0.026673
9.771175e-08, 0.024811
9.791175e-08, 0.024172
9.811175e-08, 0.022754
9.831175e-08, 0.023254
9.851175e-08, 0.022699
9.871175e-08, 0.022893
9.891175e-08, 0.022893
9.911175e-08, 0.023949
9.931175e-08, 0.025033
9.951175e-08, 0.024477
9.971175e-08, 0.021281
9.991175e-08, 0.019169
1.001117e-07, 0.020475
1.003118e-07, 0.020558
1.005118e-07, 0.021114
1.007118e-07, 0.021337
1.009118e-07, 0.022476
1.011118e-07, 0.022198
1.013118e-07, 0.020141
1.015117e-07, 0.019586
1.017118e-07, 0.018891
1.019117e-07, 0.018112
1.021118e-07, 0.018446
1.023118e-07, 0.018724
1.025118e-07, 0.017834
1.027118e-07, 0.017946
1.029117e-07, 0.017918
1.031118e-07, 0.016862
1.033117e-07, 0.016056
1.035118e-07, 0.015944
1.037118e-07, 0.015611
1.039118e-07, 0.014054
1.041118e-07, 0.014721
1.043117e-07, 0.013026
1.045118e-07, 0.013109
1.047117e-07, 0.013137
1.049118e-07, 0.015166
1.051118e-07, 0.015250
1.053118e-07, 0.014499
1.055118e-07, 0.013749
1.057117e-07, 0.011219
1.059118e-07, 0.010135
1.061117e-07, 0.008718
1.063118e-07, 0.007967
1.065118e-07, 0.009774
1.067118e-07, 0.010024
1.069118e-07, 0.010358
1.071117e-07, 0.009301
1.073118e-07, 0.009162
1.075117e-07, 0.008356
1.077118e-07, 0.007606
1.079118e-07, 0.006828
1.081118e-07, 0.006716
1.083118e-07, 0.008412
1.085118e-07, 0.006911
1.087118e-07, 0.006967
1.089117e-07, 0.007356
1.091118e-07, 0.007022
1.093117e-07, 0.008356
1.095118e-07, 0.008134
1.097118e-07, 0.008440
1.099118e-07, 0.006049
1.101118e-07, 0.004132
1.103117e-07, 0.005382
1.105118e-07, 0.010191
1.107117e-07, 0.012998
1.109118e-07, 0.011831
1.111118e-07, 0.010274
1.113118e-07, 0.011581
1.115118e-07, 0.009496
1.117117e-07, 0.006967
1.119118e-07, 0.009968
1.121117e-07, 0.014221
1.123118e-07, 0.016334
1.125118e-07, 0.018085
1.127118e-07, 0.018891
1.129118e-07, 0.021225
1.131117e-07, 0.020419
1.133118e-07, 0.020475
1.135117e-07, 0.020642
1.137118e-07, 0.020419
1.139118e-07, 0.020058
1.141118e-07, 0.018891
1.143118e-07, 0.020280
1.145118e-07, 0.022421
1.147118e-07, 0.023671
1.149117e-07, 0.024227
1.151118e-07, 0.025089
1.153118e-07, 0.026367
1.155118e-07, 0.026812
1.157118e-07, 0.026228
1.159118e-07, 0.026423
1.161118e-07, 0.028452
1.163117e-07, 0.030453
1.165118e-07, 0.032371
1.167117e-07, 0.033844
1.169118e-07, 0.034289
1.171118e-07, 0.035151
1.173118e-07, 0.035734
1.175118e-07, 0.035762
1.177117e-07, 0.035178
1.179118e-07, 0.036318
1.181117e-07, 0.036346
1.183118e-07, 0.037930
1.185118e-07, 0.037986
1.187118e-07, 0.037235
1.189118e-07, 0.037291
1.191117e-07, 0.038458
1.193118e-07, 0.037986
1.195117e-07, 0.036985
1.197117e-07, 0.035901
1.199118e-07, 0.034817
1.201118e-07, 0.034678
1.203117e-07, 0.035456
1.205118e-07, 0.036457
1.207118e-07, 0.036374
1.209117e-07, 0.035651
1.211117e-07, 0.035679
1.213118e-07, 0.036846
1.215118e-07, 0.036624
1.217117e-07, 0.035317
1.219118e-07, 0.034094
1.221118e-07, 0.033594
1.223117e-07, 0.033427
1.225117e-07, 0.034845
1.227118e-07, 0.034400
1.229118e-07, 0.035957
1.231117e-07, 0.034706
1.233118e-07, 0.035151
1.235118e-07, 0.034817
1.237117e-07, 0.032844
1.239117e-07, 0.033094
1.241118e-07, 0.031954
1.243118e-07, 0.030203
1.245117e-07, 0.030342
1.247118e-07, 0.031704
1.249118e-07, 0.031482
1.251117e-07, 0.033427
1.253117e-07, 0.034289
1.255118e-07, 0.032177
1.257118e-07, 0.028397
1.259117e-07, 0.023421
1.261118e-07, 0.022365
1.263118e-07, 0.024338
1.265117e-07, 0.025617
1.267117e-07, 0.028230
1.269118e-07, 0.031176
1.271118e-07, 0.036874
1.273117e-07, 0.037624
1.275118e-07, 0.031537
1.277118e-07, 0.028841
1.279117e-07, 0.028813
1.281117e-07, 0.027868
1.283118e-07, 0.026228
1.285118e-07, 0.023393
1.287117e-07, 0.024867
1.289118e-07, 0.027285
1.291118e-07, 0.026757
1.293118e-07, 0.026562
1.295117e-07, 0.027646
1.297118e-07, 0.025367
1.299118e-07, 0.022560
1.301117e-07, 0.021670
1.303118e-07, 0.021170
1.305118e-07, 0.021309
1.307118e-07, 0.023171
1.309117e-07, 0.025561
1.311118e-07, 0.025422
1.313118e-07, 0.023004
1.315117e-07, 0.020475
1.317118e-07, 0.018529
1.319118e-07, 0.018835
1.321118e-07, 0.021476
1.323117e-07, 0.020836
1.325118e-07, 0.018446
1.327118e-07, 0.019863
1.329117e-07, 0.020558
1.331118e-07, 0.020586
1.333118e-07, 0.017640
1.335118e-07, 0.017167
1.337117e-07, 0.016250
1.339118e-07, 0.016195
1.341118e-07, 0.015889
1.343117e-07, 0.015111
1.345118e-07, 0.015722
1.347118e-07, 0.015277
1.349118e-07, 0.016000
1.351117e-07, 0.016361
1.353118e-07, 0.015805
1.355118e-07, 0.015694
1.357117e-07, 0.014805
1.359117e-07, 0.012776
1.361118e-07, 0.011247
1.363118e-07, 0.011581
1.365117e-07, 0.012275
1.367118e-07, 0.012414
1.369118e-07, 0.013248
1.371117e-07, 0.013026
1.373117e-07, 0.012498
1.375118e-07, 0.011386
1.377118e-07, 0.010886
1.379117e-07, 0.010080
1.381118e-07, 0.009246
1.383118e-07, 0.010246
1.385117e-07, 0.009968
1.387117e-07, 0.008690
1.389118e-07, 0.008940
1.391118e-07, 0.009691
1.393117e-07, 0.009746
1.395118e-07, 0.009162
1.397118e-07, 0.008773
1.399117e-07, 0.007467
1.401117e-07, 0.005077
1.403118e-07, 0.005188
1.405118e-07, 0.008745
1.407117e-07, 0.012831
1.409118e-07, 0.014277
1.411118e-07, 0.012804
1.413117e-07, 0.011970
1.415117e-07, 0.010330
1.417118e-07, 0.008190
1.419118e-07, 0.009718
1.421117e-07, 0.014110
1.423118e-07, 0.017251
1.425118e-07, 0.018001
1.427118e-07, 0.019808
1.429117e-07, 0.021225
1.431118e-07, 0.019530
1.433118e-07, 0.019669
1.435117e-07, 0.020197
1.437118e-07, 0.020697
1.439118e-07, 0.021531
1.441118e-07, 0.020670
1.443117e-07, 0.021031
1.445118e-07, 0.023338
1.447118e-07, 0.025673
1.449117e-07, 0.027618
1.451118e-07, 0.027174
1.453118e-07, 0.028119
1.455118e-07, 0.028091
1.457117e-07, 0.026534
1.459118e-07, 0.026673
1.461118e-07, 0.026284
1.463117e-07, 0.027757
1.465118e-07, 0.029508
1.467118e-07, 0.031259
1.469118e-07, 0.031982
1.471117e-07, 0.032343
1.473118e-07, 0.032816
1.475118e-07, 0.034011
1.477117e-07, 0.033955
1.479118e-07, 0.034928
1.481118e-07, 0.034678
1.483118e-07, 0.035957
1.485117e-07, 0.037013
1.487118e-07, 0.037180
1.489118e-07, 0.036401
1.491117e-07, 0.036957
1.493118e-07, 0.037819
1.495118e-07, 0.036735
1.497118e-07, 0.036179
1.499117e-07, 0.035373
1.501118e-07, 0.033789
1.503118e-07, 0.033288
1.505117e-07, 0.033705
1.507117e-07, 0.035178
1.509118e-07, 0.035762
1.511118e-07, 0.034956
1.513117e-07, 0.034984
1.515118e-07, 0.033733
1.517118e-07, 0.032232
1.519117e-07, 0.032649
1.521117e-07, 0.032510
1.523118e-07, 0.031510
1.525118e-07, 0.030981
1.527117e-07, 0.031621
1.529118e-07, 0.032343
1.531118e-07, 0.031510
1.533117e-07, 0.031510
1.535117e-07, 0.031676
1.537118e-07, 0.030342
1.539118e-07, 0.029342
1.541117e-07, 0.028702
1.543118e-07, 0.025422
1.545118e-07, 0.026423
1.547117e-07, 0.027868
1.549117e-07, 0.027702
1.551118e-07, 0.029203
1.553118e-07, 0.029008
1.555117e-07, 0.027868
1.557118e-07, 0.023449
1.559118e-07, 0.018529
1.561117e-07, 0.018029
1.563117e-07, 0.019641
1.565118e-07, 0.020697
1.567118e-07, 0.022893
1.569117e-07, 0.027201
1.571118e-07, 0.031537
1.573118e-07, 0.035095
1.575118e-07, 0.029786
1.577117e-07, 0.026812
1.579118e-07, 0.026228
1.581118e-07, 0.024728
1.583117e-07, 0.023254
1.585118e-07, 0.022309
1.587118e-07, 0.022393
1.589118e-07, 0.023449
1.591117e-07, 0.024255
1.593118e-07, 0.024644
1.595118e-07, 0.025450
1.597117e-07, 0.023115
1.599118e-07, 0.021142
1.601118e-07, 0.020642
1.603118e-07, 0.020253
1.605117e-07, 0.019891
1.607118e-07, 0.021448
1.609118e-07, 0.024227
1.611117e-07, 0.023838
1.613118e-07, 0.021392
1.615118e-07, 0.019391
1.617118e-07, 0.018974
1.619117e-07, 0.018474
1.621118e-07, 0.019530
1.623118e-07, 0.019530
1.625117e-07, 0.018696
1.627118e-07, 0.018863
1.629118e-07, 0.017973
1.631118e-07, 0.018668
1.633117e-07, 0.018029
1.635118e-07, 0.016389
1.637118e-07, 0.015111
1.639117e-07, 0.014916
1.641118e-07, 0.014972
1.643118e-07, 0.015194
1.645118e-07, 0.014749
1.647117e-07, 0.015527
1.649118e-07, 0.016361
1.651118e-07, 0.015472
1.653117e-07, 0.017556
1.655117e-07, 0.015666
1.657118e-07, 0.013804
1.659118e-07, 0.010969
1.661117e-07, 0.011108
1.663118e-07, 0.009996
1.665118e-07, 0.010413
1.667117e-07, 0.011136
1.669117e-07, 0.008801
1.671118e-07, 0.010636
1.673118e-07, 0.012164
1.675117e-07, 0.009524
1.677118e-07, 0.009357
1.679118e-07, 0.009357
1.681117e-07, 0.007495
1.683117e-07, 0.008440
1.685118e-07, 0.008857
1.687118e-07, 0.008884
1.689117e-07, 0.008162
1.691118e-07, 0.006244
1.693118e-07, 0.006911
1.695117e-07, 0.007133
1.697117e-07, 0.006300
1.699118e-07, 0.006049
1.701118e-07, 0.004576
1.703117e-07, 0.004826
1.705118e-07, 0.006577
1.707118e-07, 0.010107
1.709118e-07, 0.012331
1.711117e-07, 0.010302
1.713118e-07, 0.010330
1.715118e-07, 0.008745
1.717117e-07, 0.005327
1.719118e-07, 0.006994
1.721118e-07, 0.012025
1.723118e-07, 0.015277
1.725117e-07, 0.016639
1.727118e-07, 0.018307
1.729118e-07, 0.019586
1.731117e-07, 0.020947
1.733118e-07, 0.019391
1.735118e-07, 0.019530
1.737118e-07, 0.020308
1.739117e-07, 0.018807
1.741118e-07, 0.016389
1.743118e-07, 0.016973
1.745117e-07, 0.017306
1.747118e-07, 0.019530
1.749118e-07, 0.021364
1.751118e-07, 0.021142
1.753117e-07, 0.020002
1.755118e-07, 0.019252
1.757118e-07, 0.017668
1.759117e-07, 0.017695
1.761118e-07, 0.019002
1.763118e-07, 0.020586
1.765118e-07, 0.020670
1.767117e-07, 0.022893
1.769118e-07, 0.024060
1.771118e-07, 0.025172
1.773117e-07, 0.026034
1.775118e-07, 0.027174
1.777118e-07, 0.026395
1.779118e-07, 0.026451
1.781117e-07, 0.025895
1.783118e-07, 0.027174
1.785118e-07, 0.029230
1.787117e-07, 0.030092
1.789118e-07, 0.028980
1.791118e-07, 0.029703
1.793118e-07, 0.030287
1.795117e-07, 0.030759
1.797118e-07, 0.029758
1.799118e-07, 0.028424
1.801117e-07, 0.028007
1.803117e-07, 0.026701
1.805118e-07, 0.027396
1.807118e-07, 0.028591
1.809117e-07, 0.030036
1.811118e-07, 0.029286
1.813118e-07, 0.027952
1.815117e-07, 0.027729
1.817117e-07, 0.026701
1.819118e-07, 0.025450
1.821118e-07, 0.025478
1.823117e-07, 0.025339
1.825118e-07, 0.025506
1.827118e-07, 0.027118
1.829117e-07, 0.027729
1.831117e-07, 0.027285
1.833118e-07, 0.026812
1.835118e-07, 0.026979
1.837117e-07, 0.026090
1.839118e-07, 0.025339
1.841118e-07, 0.023949
1.843117e-07, 0.022254
1.845117e-07, 0.021948
1.847118e-07, 0.022699
1.849118e-07, 0.024783
1.851117e-07, 0.026757
1.853118e-07, 0.027674
1.855118e-07, 0.025395
1.857118e-07, 0.023671
1.859117e-07, 0.018974
1.861118e-07, 0.017418
1.863118e-07, 0.017807
1.865117e-07, 0.019030
1.867118e-07, 0.021976
1.869118e-07, 0.024561
1.871118e-07, 0.027424
1.873117e-07, 0.032733
1.875118e-07, 0.028563
1.877118e-07, 0.024116
1.879117e-07, 0.024561
1.881118e-07, 0.023922
1.883118e-07, 0.022282
1.885118e-07, 0.021225
1.887117e-07, 0.020475
1.889118e-07, 0.022337
1.891118e-07, 0.023143
1.893117e-07, 0.022448
1.895118e-07, 0.022115
1.897118e-07, 0.021198
1.899118e-07, 0.018974
1.901117e-07, 0.018363
1.903118e-07, 0.016862
1.905118e-07, 0.016139
1.907117e-07, 0.017473
1.909118e-07, 0.020364
1.911118e-07, 0.021420
1.913118e-07, 0.020419
1.915117e-07, 0.019113
1.917118e-07, 0.016528
1.919118e-07, 0.015861
1.921117e-07, 0.016862
1.923118e-07, 0.017473
1.925118e-07, 0.017001
1.927118e-07, 0.016222
1.929117e-07, 0.016917
1.931118e-07, 0.016889
1.933118e-07, 0.016500
1.935117e-07, 0.016195
1.937118e-07, 0.015194
1.939118e-07, 0.014221
1.941118e-07, 0.013554
1.943117e-07, 0.013304
1.945118e-07, 0.013332
1.947118e-07, 0.013165
1.949117e-07, 0.013971
1.951118e-07, 0.013860
1.953118e-07, 0.014277
1.955118e-07, 0.014527
1.957117e-07, 0.012804
1.959118e-07, 0.010802
1.961118e-07, 0.010024
1.963117e-07, 0.010802
1.965117e-07, 0.010552
1.967118e-07, 0.010830
1.969118e-07, 0.011330
1.971117e-07, 0.012609
1.973118e-07, 0.012331
1.975118e-07, 0.012109
1.977117e-07, 0.009329
1.979117e-07, 0.008607
1.981118e-07, 0.007634
1.983118e-07, 0.008384
1.985117e-07, 0.010163
1.987118e-07, 0.008190
1.989118e-07, 0.007050
1.991118e-07, 0.006939
1.993117e-07, 0.007856
1.995118e-07, 0.006744
1.997118e-07, 0.006967
1.999117e-07, 0.005910
2.001118e-07, 0.003687
2.003118e-07, 0.001825
2.005118e-07, 0.004298
2.007117e-07, 0.009996
2.009118e-07, 0.012220
2.011118e-07, 0.009413
2.013117e-07, 0.009079
2.015118e-07, 0.008523
2.017118e-07, 0.005577
2.019118e-07, 0.005577
2.021117e-07, 0.010219
2.023118e-07, 0.013832
2.025118e-07, 0.014221
2.027117e-07, 0.015833
2.029118e-07, 0.018807
2.031118e-07, 0.019057
2.033118e-07, 0.018446
2.035117e-07, 0.018779
2.037118e-07, 0.018724
2.039118e-07, 0.017501
2.041117e-07, 0.016528
2.043118e-07, 0.016584
2.045118e-07, 0.016750
2.047118e-07, 0.017362
2.049117e-07, 0.017890
2.051118e-07, 0.019419
2.053118e-07, 0.019947
2.055117e-07, 0.018974
2.057118e-07, 0.018696
2.059118e-07, 0.018668
2.061118e-07, 0.019085
2.063117e-07, 0.020808
2.065118e-07, 0.021309
2.067118e-07, 0.023143
2.069117e-07, 0.024338
2.071118e-07, 0.024728
2.073118e-07, 0.025589
2.075118e-07, 0.026173
2.077117e-07, 0.026173
2.079118e-07, 0.026784
2.081118e-07, 0.027257
2.083117e-07, 0.028841
2.085118e-07, 0.029814
2.087118e-07, 0.030314
2.089118e-07, 0.030537
2.091117e-07, 0.031371
2.093118e-07, 0.031454
2.095118e-07, 0.030342
2.097117e-07, 0.030731
2.099118e-07, 0.029981
2.101118e-07, 0.028258
2.103118e-07, 0.028619
2.105117e-07, 0.027924
2.107118e-07, 0.028897
2.109118e-07, 0.029453
2.111117e-07, 0.029703
2.113117e-07, 0.029453
2.115118e-07, 0.028591
2.117118e-07, 0.027785
2.119117e-07, 0.026840
2.121118e-07, 0.027507
2.123118e-07, 0.026673
2.125117e-07, 0.027674
2.127117e-07, 0.027702
2.129118e-07, 0.027896
2.131118e-07, 0.028563
2.133117e-07, 0.027924
2.135118e-07, 0.027118
2.137118e-07, 0.026896
2.139118e-07, 0.026534
2.141117e-07, 0.024033
2.143118e-07, 0.023560
2.145118e-07, 0.022726
2.147117e-07, 0.023143
2.149118e-07, 0.024894
2.151118e-07, 0.025673
2.153117e-07, 0.027257
2.155117e-07, 0.026645
2.157118e-07, 0.023338
2.159117e-07, 0.018363
2.161117e-07, 0.015527
2.163118e-07, 0.015166
2.165118e-07, 0.016917
2.167117e-07, 0.020419
2.169117e-07, 0.024394
2.171118e-07, 0.026340
2.173117e-07, 0.031482
2.175117e-07, 0.029508
2.177118e-07, 0.024672
2.179118e-07, 0.023949
2.181117e-07, 0.023421
2.183117e-07, 0.022643
2.185118e-07, 0.020030
2.187117e-07, 0.019669
2.189117e-07, 0.022282
2.191118e-07, 0.023616
2.193118e-07, 0.023366
2.195117e-07, 0.022615
2.197117e-07, 0.021976
2.199118e-07, 0.018946
2.201117e-07, 0.017001
2.203117e-07, 0.016862
2.205118e-07, 0.018474
2.207118e-07, 0.018168
2.209117e-07, 0.020531
2.211117e-07, 0.022226
2.213118e-07, 0.020531
2.215117e-07, 0.018613
2.217117e-07, 0.017584
2.219118e-07, 0.016806
2.221118e-07, 0.017028
2.223117e-07, 0.016445
2.225117e-07, 0.017306
2.227118e-07, 0.016139
2.229117e-07, 0.016945
2.231117e-07, 0.016750
2.233118e-07, 0.015611
2.235118e-07, 0.014471
2.237117e-07, 0.014694
2.239117e-07, 0.014860
2.241118e-07, 0.014860
2.243118e-07, 0.013276
2.245117e-07, 0.012637
2.247118e-07, 0.014054
2.249118e-07, 0.014221
2.251117e-07, 0.013471
2.253117e-07, 0.012915
2.255118e-07, 0.013109
2.257118e-07, 0.011859
2.259117e-07, 0.010246
2.261117e-07, 0.009802
2.263118e-07, 0.010358
2.265117e-07, 0.010747
2.267117e-07, 0.011608
2.269118e-07, 0.010330
2.271118e-07, 0.010608
2.273117e-07, 0.011970
2.275117e-07, 0.011080
2.277118e-07, 0.009135
2.279117e-07, 0.007328
2.281117e-07, 0.007717
2.283118e-07, 0.007328
2.285118e-07, 0.006967
2.287117e-07, 0.007245
2.289117e-07, 0.006883
2.291118e-07, 0.006522
2.293117e-07, 0.007106
2.295117e-07, 0.007411
2.297118e-07, 0.006716
2.299118e-07, 0.006049
2.301117e-07, 0.004132
2.303117e-07, 0.002853
2.305118e-07, 0.003826
2.307117e-07, 0.008134
2.309117e-07, 0.011442
2.311118e-07, 0.010024
2.313118e-07, 0.009051
2.315117e-07, 0.008857
2.317117e-07, 0.005855
2.319118e-07, 0.004993
2.321117e-07, 0.010330
2.323117e-07, 0.013999
2.325118e-07, 0.017028
2.327118e-07, 0.018585
2.329117e-07, 0.018918
2.331117e-07, 0.019697
2.333118e-07, 0.018613
2.335117e-07, 0.018196
2.337117e-07, 0.020642
2.339118e-07, 0.018418
2.341118e-07, 0.016334
2.343117e-07, 0.015833
2.345117e-07, 0.015639
2.347118e-07, 0.016584
2.349117e-07, 0.017167
2.351117e-07, 0.018752
2.353118e-07, 0.019947
2.355118e-07, 0.018974
2.357117e-07, 0.017418
2.359117e-07, 0.017140
2.361118e-07, 0.018224
2.363117e-07, 0.018752
2.365117e-07, 0.020697
2.367118e-07, 0.022532
2.369118e-07, 0.024005
2.371117e-07, 0.025506
2.373117e-07, 0.025951
2.375118e-07, 0.026923
2.377117e-07, 0.027952
2.379117e-07, 0.027896
2.381118e-07, 0.028897
2.383118e-07, 0.029147
2.385117e-07, 0.029758
2.387117e-07, 0.031371
2.389118e-07, 0.031593
2.391118e-07, 0.032010
2.393117e-07, 0.031565
2.395118e-07, 0.031982
2.397118e-07, 0.032399
2.399117e-07, 0.029925
2.401117e-07, 0.029203
2.403118e-07, 0.029453
2.405118e-07, 0.029091
2.407117e-07, 0.029481
2.409117e-07, 0.031315
2.411118e-07, 0.030787
2.413117e-07, 0.030537
2.415117e-07, 0.031871
2.417118e-07, 0.029425
2.419118e-07, 0.028508
2.421117e-07, 0.029119
2.423117e-07, 0.028174
2.425118e-07, 0.027952
2.427117e-07, 0.028285
2.429117e-07, 0.027980
2.431118e-07, 0.028480
2.433118e-07, 0.027479
2.435117e-07, 0.026757
2.437117e-07, 0.026479
2.439118e-07, 0.025867
2.441117e-07, 0.024811
2.443117e-07, 0.023644
2.445118e-07, 0.023115
2.447118e-07, 0.022754
2.449117e-07, 0.023977
2.451117e-07, 0.026062
2.453118e-07, 0.026256
2.455117e-07, 0.026006
2.457117e-07, 0.023616
2.459118e-07, 0.017751
2.461118e-07, 0.016139
2.463117e-07, 0.016639
2.465117e-07, 0.016917
2.467118e-07, 0.020697
2.469117e-07, 0.022170
2.471117e-07, 0.025006
2.473118e-07, 0.031565
2.475118e-07, 0.030453
2.477117e-07, 0.025200
2.479117e-07, 0.023004
2.481118e-07, 0.022532
2.483117e-07, 0.022031
2.485117e-07, 0.021309
2.487118e-07, 0.020808
2.489118e-07, 0.021059
2.491117e-07, 0.022115
2.493117e-07, 0.022810
2.495118e-07, 0.021364
2.497117e-07, 0.021114
2.499117e-07, 0.018752
2.501118e-07, 0.016806
2.503118e-07, 0.018196
2.505117e-07, 0.018307
2.507117e-07, 0.018251
2.509118e-07, 0.021003
2.511117e-07, 0.022754
2.513117e-07, 0.022921
2.515118e-07, 0.019724
2.517118e-07, 0.018168
2.519117e-07, 0.016723
2.521117e-07, 0.016750
2.523118e-07, 0.018085
2.525118e-07, 0.016889
2.527117e-07, 0.015194
2.529118e-07, 0.016445
2.531118e-07, 0.017418
2.533117e-07, 0.017195
2.535117e-07, 0.016750
2.537118e-07, 0.015972
2.539118e-07, 0.015305
2.541117e-07, 0.014916
2.543118e-07, 0.013665
2.545118e-07, 0.013248
2.547117e-07, 0.013054
2.549117e-07, 0.013721
2.551118e-07, 0.014388
2.553118e-07, 0.015472
2.555117e-07, 0.014555
2.557118e-07, 0.012164
2.559118e-07, 0.010636
2.561117e-07, 0.009524
2.563117e-07, 0.009162
2.565118e-07, 0.009162
2.567118e-07, 0.009329
2.569117e-07, 0.010219
2.571117e-07, 0.010441
2.573118e-07, 0.011330
2.575117e-07, 0.011108
2.577117e-07, 0.009802
2.579118e-07, 0.009218
2.581118e-07, 0.007300
2.583117e-07, 0.007022
2.585117e-07, 0.008134
2.587118e-07, 0.007828
2.589117e-07, 0.007578
2.591117e-07, 0.008078
2.593118e-07, 0.007689
2.595118e-07, 0.008273
2.597117e-07, 0.007495
2.599117e-07, 0.005938
2.601118e-07, 0.003770
2.603117e-07, 0.003048
2.605117e-07, 0.003881
2.607118e-07, 0.007245
2.609118e-07, 0.010969
2.611117e-07, 0.010274
2.613117e-07, 0.008690
2.615118e-07, 0.009635
2.617117e-07, 0.007912
2.619117e-07, 0.004715
2.621118e-07, 0.008662
2.623118e-07, 0.011469
2.625117e-07, 0.013971
2.627117e-07, 0.014777
2.629118e-07, 0.016389
2.631117e-07, 0.018390
2.633117e-07, 0.017751
2.635118e-07, 0.014972
2.637118e-07, 0.016556
2.639117e-07, 0.017807
2.641117e-07, 0.015277
2.643118e-07, 0.013832
2.645117e-07, 0.015527
2.647117e-07, 0.016556
2.649118e-07, 0.017140
2.651118e-07, 0.018168
2.653117e-07, 0.019419
2.655117e-07, 0.019196
2.657118e-07, 0.017418
2.659117e-07, 0.016862
2.661117e-07, 0.016834
2.663118e-07, 0.018224
2.665118e-07, 0.019363
2.667117e-07, 0.021837
2.669117e-07, 0.023338
2.671118e-07, 0.023060
2.673118e-07, 0.024005
2.675117e-07, 0.026117
2.677118e-07, 0.026840
2.679118e-07, 0.027535
2.681117e-07, 0.026840
2.683117e-07, 0.026506
2.685118e-07, 0.028619
2.687118e-07, 0.029342
2.689117e-07, 0.030815
2.691118e-07, 0.031176
2.693118e-07, 0.029786
2.695117e-07, 0.030731
2.697117e-07, 0.030648
2.699118e-07, 0.029925
2.701118e-07, 0.029175
2.703117e-07, 0.029342
2.705118e-07, 0.028174
2.707118e-07, 0.029175
2.709117e-07, 0.030175
2.711117e-07, 0.029536
2.713118e-07, 0.030175
2.715118e-07, 0.029758
2.717117e-07, 0.028758
2.719117e-07, 0.027702
2.721118e-07, 0.027479
2.723117e-07, 0.027757
2.725117e-07, 0.026784
2.727118e-07, 0.026618
2.729118e-07, 0.027451
2.731117e-07, 0.027646
2.733117e-07, 0.027396
2.735118e-07, 0.026117
2.737117e-07, 0.025200
2.739117e-07, 0.024088
2.741118e-07, 0.023449
2.743118e-07, 0.024116
2.745117e-07, 0.021892
2.747117e-07, 0.022143
2.749118e-07, 0.024672
2.751117e-07, 0.025117
2.753117e-07, 0.025395
2.755118e-07, 0.026006
2.757118e-07, 0.024978
2.759117e-07, 0.019780
2.761117e-07, 0.016611
2.763118e-07, 0.016083
2.765117e-07, 0.017195
2.767117e-07, 0.019196
2.769118e-07, 0.020531
2.771118e-07, 0.023338
2.773117e-07, 0.029481
2.775117e-07, 0.029397
2.777118e-07, 0.024088
2.779117e-07, 0.022031
2.781117e-07, 0.022282
2.783118e-07, 0.021754
2.785118e-07, 0.019724
2.787117e-07, 0.019613
2.789117e-07, 0.020531
2.791118e-07, 0.022504
2.793117e-07, 0.022921
2.795117e-07, 0.021476
2.797118e-07, 0.021781
2.799118e-07, 0.019613
2.801117e-07, 0.017529
2.803117e-07, 0.017418
2.805118e-07, 0.016778
2.807118e-07, 0.016028
2.809117e-07, 0.019419
2.811118e-07, 0.020920
2.813118e-07, 0.021364
2.815117e-07, 0.020002
2.817117e-07, 0.016973
2.819118e-07, 0.015027
2.821118e-07, 0.015444
2.823117e-07, 0.016306
2.825118e-07, 0.016000
2.827118e-07, 0.016445
2.829117e-07, 0.016528
2.831117e-07, 0.016167
2.833118e-07, 0.016445
2.835118e-07, 0.015722
2.837117e-07, 0.013915
2.839118e-07, 0.013137
2.841118e-07, 0.012831
2.843117e-07, 0.013276
2.845117e-07, 0.013137
2.847118e-07, 0.012136
2.849118e-07, 0.013554
2.851117e-07, 0.013971
2.853118e-07, 0.013248
2.855118e-07, 0.013526
2.857117e-07, 0.013999
2.859117e-07, 0.012720
2.861118e-07, 0.012025
2.863118e-07, 0.010969
2.865117e-07, 0.009329
2.867117e-07, 0.008412
2.869118e-07, 0.009051
2.871117e-07, 0.009274
2.873117e-07, 0.010608
2.875118e-07, 0.010441
2.877118e-07, 0.009857
2.879117e-07, 0.008023
2.881117e-07, 0.007717
2.883118e-07, 0.007606
2.885117e-07, 0.008412
2.887117e-07, 0.008273
2.889118e-07, 0.007661
2.891118e-07, 0.006216
2.893117e-07, 0.006216
2.895117e-07, 0.006994
2.897118e-07, 0.005827
2.899117e-07, 0.006800
2.901117e-07, 0.004521
2.903118e-07, 0.001269
2.905118e-07, 0.001324
2.907117e-07, 0.004465
2.909117e-07, 0.009607
2.911118e-07, 0.010802
2.913117e-07, 0.010385
2.915117e-07, 0.009162
2.917118e-07, 0.006244
2.919118e-07, 0.003854
2.921117e-07, 0.007606
2.923117e-07, 0.010191
2.925118e-07, 0.012109
2.927117e-07, 0.013054
2.929117e-07, 0.015583
2.931118e-07, 0.017640
2.933118e-07, 0.017195
2.935117e-07, 0.015639
2.937117e-07, 0.016389
2.939118e-07, 0.016056
2.941117e-07, 0.013860
2.943117e-07, 0.013193
2.945118e-07, 0.014138
2.947118e-07, 0.015833
2.949117e-07, 0.016639
2.951117e-07, 0.016306
2.953118e-07, 0.017279
2.955118e-07, 0.017529
2.957117e-07, 0.017918
2.959118e-07, 0.016695
2.961118e-07, 0.016778
2.963117e-07, 0.017140
2.965117e-07, 0.017779
2.967118e-07, 0.020475
2.969118e-07, 0.022587
2.971117e-07, 0.023338
2.973118e-07, 0.024144
2.975118e-07, 0.024394
2.977117e-07, 0.025561
2.979117e-07, 0.026312
2.981118e-07, 0.026340
2.983118e-07, 0.027118
2.985117e-07, 0.028230
2.987118e-07, 0.027590
2.989118e-07, 0.027896
2.991117e-07, 0.029675
2.993117e-07, 0.030370
2.995118e-07, 0.028813
2.997118e-07, 0.028119
2.999117e-07, 0.027618
3.001118e-07, 0.027702
3.003118e-07, 0.027118
3.005117e-07, 0.026645
3.007117e-07, 0.026645
3.009118e-07, 0.027952
3.011118e-07, 0.028508
3.013117e-07, 0.029008
3.015117e-07, 0.028424
3.017118e-07, 0.027368
3.019117e-07, 0.027201
3.021117e-07, 0.026340
3.023118e-07, 0.024894
3.025118e-07, 0.026395
3.027117e-07, 0.025978
3.029117e-07, 0.027174
3.031118e-07, 0.026590
3.033117e-07, 0.025923
3.035117e-07, 0.025978
3.037118e-07, 0.026812
3.039118e-07, 0.025283
3.041117e-07, 0.024172
3.043117e-07, 0.023477
3.045118e-07, 0.021031
3.047117e-07, 0.020058
3.049117e-07, 0.022198
3.051118e-07, 0.024172
3.053118e-07, 0.025561
3.055117e-07, 0.024922
3.057117e-07, 0.025144
3.059118e-07, 0.021253
3.061117e-07, 0.017584
3.063117e-07, 0.016445
3.065118e-07, 0.017668
3.067118e-07, 0.018891
3.069117e-07, 0.021587
3.071117e-07, 0.023477
3.073118e-07, 0.030036
3.075117e-07, 0.031593
3.077117e-07, 0.026284
3.079118e-07, 0.022643
3.081118e-07, 0.022448
3.083117e-07, 0.022226
3.085117e-07, 0.021031
3.087118e-07, 0.019502
3.089118e-07, 0.019780
3.091117e-07, 0.022087
3.093118e-07, 0.022282
3.095118e-07, 0.020169
3.097117e-07, 0.020753
3.099117e-07, 0.019419
3.101118e-07, 0.016222
3.103118e-07, 0.016556
3.105117e-07, 0.017306
3.107118e-07, 0.015778
3.109118e-07, 0.017529
3.111117e-07, 0.019780
3.113117e-07, 0.021698
3.115118e-07, 0.019752
3.117118e-07, 0.017279
3.119117e-07, 0.015111
3.121118e-07, 0.014777
3.123118e-07, 0.015055
3.125117e-07, 0.015333
3.127117e-07, 0.015361
3.129118e-07, 0.015055
3.131118e-07, 0.016083
3.133117e-07, 0.017056
3.135118e-07, 0.016556
3.137118e-07, 0.015222
3.139117e-07, 0.013804
3.141117e-07, 0.013332
3.143118e-07, 0.013471
3.145118e-07, 0.014221
3.147117e-07, 0.013304
3.149118e-07, 0.013665
3.151118e-07, 0.013526
3.153117e-07, 0.014916
3.155117e-07, 0.014304
3.157118e-07, 0.012915
3.159118e-07, 0.011358
3.161117e-07, 0.009774
3.163118e-07, 0.009524
3.165118e-07, 0.008857
3.167117e-07, 0.009524
3.169117e-07, 0.010107
3.171118e-07, 0.010719
3.173118e-07, 0.010274
3.175117e-07, 0.009357
3.177117e-07, 0.009913
3.179118e-07, 0.007856
3.181117e-07, 0.007217
3.183117e-07, 0.007022
3.185118e-07, 0.008106
3.187118e-07, 0.008996
3.189117e-07, 0.008551
3.191117e-07, 0.006828
3.193118e-07, 0.007300
3.195117e-07, 0.007661
3.197117e-07, 0.006244
3.199118e-07, 0.005216
3.201118e-07, 0.003464
3.203117e-07, 0.002214
3.205117e-07, 0.002686
3.207118e-07, 0.004660
3.209117e-07, 0.009301
3.211117e-07, 0.011386
3.213118e-07, 0.010469
3.215118e-07, 0.009885
3.217117e-07, 0.008968
3.219117e-07, 0.004576
3.221118e-07, 0.006022
3.223117e-07, 0.010552
3.225117e-07, 0.013832
3.227118e-07, 0.014332
3.229118e-07, 0.015889
3.231117e-07, 0.017251
3.233117e-07, 0.018390
3.235118e-07, 0.017807
3.237118e-07, 0.017890
3.239117e-07, 0.019335
3.241118e-07, 0.018502
3.243118e-07, 0.017279
3.245117e-07, 0.018168
3.247117e-07, 0.018918
3.249118e-07, 0.020503
3.251118e-07, 0.022031
3.253117e-07, 0.023060
3.255118e-07, 0.024283
3.257118e-07, 0.024839
3.259117e-07, 0.025061
3.261117e-07, 0.023894
3.263118e-07, 0.025589
3.265118e-07, 0.027257
3.267117e-07, 0.027396
3.269118e-07, 0.030509
3.271118e-07, 0.031871
3.273117e-07, 0.031899
3.275117e-07, 0.032149
3.277118e-07, 0.032760
3.279118e-07, 0.033733
3.281117e-07, 0.034011
3.283118e-07, 0.033261
3.285118e-07, 0.034372
3.287117e-07, 0.035373
3.289117e-07, 0.035985
3.291118e-07, 0.035512
3.293118e-07, 0.035401
3.295117e-07, 0.035595
3.297118e-07, 0.035206
3.299118e-07, 0.034595
3.301117e-07, 0.033983
3.303117e-07, 0.033955
3.305118e-07, 0.032927
3.307118e-07, 0.033817
3.309117e-07, 0.034678
3.311118e-07, 0.034233
3.313118e-07, 0.033872
3.315117e-07, 0.033817
3.317117e-07, 0.033622
3.319118e-07, 0.032371
3.321118e-07, 0.031398
3.323117e-07, 0.030787
3.325117e-07, 0.030620
3.327118e-07, 0.030703
3.329117e-07, 0.031398
3.331117e-07, 0.033122
3.333118e-07, 0.032816
3.335118e-07, 0.031871
3.337117e-07, 0.031704
3.339117e-07, 0.030870
3.341118e-07, 0.030287
3.343117e-07, 0.029425
3.345117e-07, 0.028202
3.347118e-07, 0.026228
3.349118e-07, 0.027285
3.351117e-07, 0.027841
3.353117e-07, 0.030259
3.355118e-07, 0.030092
3.357117e-07, 0.029481
3.359117e-07, 0.026090
3.361118e-07, 0.021281
3.363118e-07, 0.019335
3.365117e-07, 0.020086
3.367117e-07, 0.021976
3.369118e-07, 0.024811
3.371118e-07, 0.027868
3.373117e-07, 0.032093
3.375118e-07, 0.036624
3.377118e-07, 0.031454
3.379117e-07, 0.028035
3.381117e-07, 0.026618
3.383118e-07, 0.024561
3.385118e-07, 0.023838
3.387117e-07, 0.022198
3.389118e-07, 0.022448
3.391118e-07, 0.024867
3.393117e-07, 0.026868
3.395117e-07, 0.026117
3.397118e-07, 0.025283
3.399118e-07, 0.024589
3.401117e-07, 0.021225
3.403118e-07, 0.020364
3.405118e-07, 0.021337
3.407117e-07, 0.020169
3.409117e-07, 0.020002
3.411118e-07, 0.023032
3.413118e-07, 0.023532
3.415117e-07, 0.023004
3.417118e-07, 0.020781
3.419118e-07, 0.018196
3.421117e-07, 0.018279
3.423117e-07, 0.017584
3.425118e-07, 0.018057
3.427118e-07, 0.018613
3.429117e-07, 0.018335
3.431118e-07, 0.018502
3.433118e-07, 0.018946
3.435117e-07, 0.016973
3.437117e-07, 0.016167
3.439118e-07, 0.016695
3.441118e-07, 0.016528
3.443117e-07, 0.014749
3.445118e-07, 0.014694
3.447118e-07, 0.014166
3.449117e-07, 0.014972
3.451117e-07, 0.015611
3.453118e-07, 0.015917
3.455118e-07, 0.015972
3.457117e-07, 0.014249
3.459118e-07, 0.012637
3.461118e-07, 0.012526
3.463117e-07, 0.012164
3.465117e-07, 0.010219
3.467118e-07, 0.010246
3.469118e-07, 0.011025
3.471117e-07, 0.008912
3.473117e-07, 0.010302
3.475118e-07, 0.012053
3.477117e-07, 0.010441
3.479117e-07, 0.008634
3.481118e-07, 0.007828
3.483118e-07, 0.007495
3.485117e-07, 0.007523
3.487117e-07, 0.008968
3.489118e-07, 0.008023
3.491117e-07, 0.006633
3.493117e-07, 0.007495
3.495118e-07, 0.007884
3.497118e-07, 0.007828
3.499117e-07, 0.006855
3.501117e-07, 0.006244
3.503118e-07, 0.004159
3.505117e-07, 0.003464
3.507117e-07, 0.006300
3.509118e-07, 0.010580
3.511118e-07, 0.011025
3.513117e-07, 0.010497
3.515117e-07, 0.009829
3.517118e-07, 0.009635
3.519118e-07, 0.007245
3.521117e-07, 0.005549
3.523118e-07, 0.010163
3.525118e-07, 0.013165
3.527117e-07, 0.015555
3.529117e-07, 0.016111
3.531118e-07, 0.018779
3.533118e-07, 0.018974
3.535117e-07, 0.017167
3.537118e-07, 0.018891
3.539118e-07, 0.019530
3.541117e-07, 0.018724
3.543117e-07, 0.017918
3.545118e-07, 0.018279
3.547118e-07, 0.019724
3.549117e-07, 0.022699
3.551118e-07, 0.024227
3.553118e-07, 0.027174
3.555117e-07, 0.027424
3.557117e-07, 0.026423
3.559118e-07, 0.025117
3.561118e-07, 0.024589
3.563117e-07, 0.025422
3.565118e-07, 0.025923
3.567118e-07, 0.027646
3.569117e-07, 0.030592
3.571117e-07, 0.031760
3.573118e-07, 0.030898
3.575118e-07, 0.031009
3.577117e-07, 0.031815
3.579118e-07, 0.032760
3.581118e-07, 0.033149
3.583117e-07, 0.034094
3.585117e-07, 0.034650
3.587118e-07, 0.036235
3.589118e-07, 0.036985
3.591117e-07, 0.038792
3.593118e-07, 0.037069
3.595118e-07, 0.036596
3.597117e-07, 0.037791
3.599117e-07, 0.036568
3.601118e-07, 0.035484
3.603118e-07, 0.033539
3.605117e-07, 0.032455
3.607118e-07, 0.032955
3.609118e-07, 0.034233
3.611117e-07, 0.034595
3.613117e-07, 0.034372
3.615118e-07, 0.035012
3.617118e-07, 0.034233
3.619117e-07, 0.033122
3.621117e-07, 0.032204
3.623118e-07, 0.030620
3.625117e-07, 0.030426
3.627117e-07, 0.030703
3.629118e-07, 0.031482
3.631118e-07, 0.030787
3.633117e-07, 0.031454
3.635117e-07, 0.029425
3.637118e-07, 0.030203
3.639117e-07, 0.030815
3.641117e-07, 0.028813
3.643118e-07, 0.027312
3.645118e-07, 0.024922
3.647117e-07, 0.024005
3.649117e-07, 0.025256
3.651118e-07, 0.026256
3.653118e-07, 0.028813
3.655117e-07, 0.028869
3.657118e-07, 0.026784
3.659118e-07, 0.024561
3.661117e-07, 0.020531
3.663117e-07, 0.017779
3.665118e-07, 0.019447
3.667118e-07, 0.020197
3.669117e-07, 0.022198
3.671118e-07, 0.023838
3.673118e-07, 0.029397
3.675117e-07, 0.034011
3.677117e-07, 0.031565
3.679118e-07, 0.026340
3.681118e-07, 0.024477
3.683117e-07, 0.024811
3.685118e-07, 0.022949
3.687118e-07, 0.022198
3.689117e-07, 0.021253
3.691117e-07, 0.023421
3.693118e-07, 0.024894
3.695118e-07, 0.024172
3.697117e-07, 0.023060
3.699118e-07, 0.021892
3.701118e-07, 0.020225
3.703117e-07, 0.019280
3.705117e-07, 0.019836
3.707118e-07, 0.019863
3.709118e-07, 0.020392
3.711117e-07, 0.021559
3.713118e-07, 0.023755
3.715118e-07, 0.021754
3.717117e-07, 0.020308
3.719117e-07, 0.017695
3.721118e-07, 0.018029
3.723118e-07, 0.018251
3.725117e-07, 0.019002
3.727118e-07, 0.019002
3.729118e-07, 0.018474
3.731117e-07, 0.018112
3.733117e-07, 0.018724
3.735118e-07, 0.018057
3.737118e-07, 0.017668
3.739117e-07, 0.017223
3.741118e-07, 0.016389
3.743118e-07, 0.015333
3.745117e-07, 0.014777
3.747117e-07, 0.014332
3.749118e-07, 0.015055
3.751118e-07, 0.014944
3.753117e-07, 0.015750
3.755118e-07, 0.015138
3.757118e-07, 0.014193
3.759117e-07, 0.013971
3.761117e-07, 0.013193
3.763118e-07, 0.012581
3.765118e-07, 0.010941
3.767117e-07, 0.010886
3.769118e-07, 0.010830
3.771118e-07, 0.010691
3.773117e-07, 0.012303
3.775117e-07, 0.012414
3.777118e-07, 0.011191
3.779118e-07, 0.008940
3.781117e-07, 0.007912
3.783117e-07, 0.007300
3.785118e-07, 0.007272
3.787117e-07, 0.008412
3.789117e-07, 0.008662
3.791118e-07, 0.006577
3.793118e-07, 0.006633
3.795117e-07, 0.007356
3.797117e-07, 0.007328
3.799118e-07, 0.006939
3.801118e-07, 0.007133
3.803117e-07, 0.005077
3.805118e-07, 0.003048
3.807118e-07, 0.005188
3.809117e-07, 0.008662
3.811117e-07, 0.012526
3.813118e-07, 0.011358
3.815118e-07, 0.008495
3.817117e-07, 0.009579
3.819118e-07, 0.007356
3.821118e-07, 0.005188
3.823117e-07, 0.009468
3.825117e-07, 0.012637
3.827118e-07, 0.013554
3.829118e-07, 0.015333
3.831117e-07, 0.017167
3.833118e-07, 0.018835
3.835118e-07, 0.017556
3.837117e-07, 0.017751
3.839117e-07, 0.020141
3.841118e-07, 0.017723
3.843118e-07, 0.016056
3.845117e-07, 0.015694
3.847118e-07, 0.016056
3.849118e-07, 0.016889
3.851117e-07, 0.016862
3.853117e-07, 0.018807
3.855118e-07, 0.019975
3.857118e-07, 0.020141
3.859117e-07, 0.018724
3.861118e-07, 0.018474
3.863118e-07, 0.018168
3.865117e-07, 0.019530
3.867117e-07, 0.021059
3.869118e-07, 0.023199
3.871118e-07, 0.024672
3.873117e-07, 0.025006
3.875118e-07, 0.024950
3.877118e-07, 0.025367
3.879117e-07, 0.025895
3.881117e-07, 0.027312
3.883118e-07, 0.026979
3.885118e-07, 0.026784
3.887117e-07, 0.028369
3.889118e-07, 0.028980
3.891118e-07, 0.029230
3.893117e-07, 0.028480
3.895117e-07, 0.028452
3.897118e-07, 0.029981
3.899118e-07, 0.029897
3.901117e-07, 0.029592
3.903118e-07, 0.028730
3.905118e-07, 0.029091
3.907117e-07, 0.028980
3.909117e-07, 0.029397
3.911118e-07, 0.029508
3.913118e-07, 0.030036
3.915117e-07, 0.029758
3.917118e-07, 0.028563
3.919118e-07, 0.028285
3.921117e-07, 0.027507
3.923117e-07, 0.025784
3.925118e-07, 0.025561
3.927118e-07, 0.027396
3.929117e-07, 0.027340
3.931117e-07, 0.027841
3.933118e-07, 0.028452
3.935118e-07, 0.027590
3.937117e-07, 0.026534
3.939118e-07, 0.025784
3.941118e-07, 0.024755
3.943117e-07, 0.024477
3.945117e-07, 0.022726
3.947118e-07, 0.023060
3.949118e-07, 0.023783
3.951117e-07, 0.023088
3.953118e-07, 0.025117
3.955118e-07, 0.025951
3.957117e-07, 0.025311
3.959117e-07, 0.023032
3.961118e-07, 0.019030
3.963118e-07, 0.016111
3.965117e-07, 0.014610
3.967118e-07, 0.016667
3.969118e-07, 0.020114
3.971117e-07, 0.022365
3.973117e-07, 0.025784
3.975118e-07, 0.029925
3.977118e-07, 0.029453
3.979117e-07, 0.024060
3.981118e-07, 0.023254
3.983118e-07, 0.022226
3.985117e-07, 0.020947
3.987117e-07, 0.019224
3.989118e-07, 0.018168
3.991118e-07, 0.018779
3.993117e-07, 0.021587
3.995118e-07, 0.021225
3.997118e-07, 0.020141
3.999117e-07, 0.020169
4.001117e-07, 0.018085
4.003118e-07, 0.015444
4.005118e-07, 0.017390
4.007117e-07, 0.017279
4.009118e-07, 0.016973
4.011118e-07, 0.018724
4.013117e-07, 0.021198
4.015117e-07, 0.020614
4.017118e-07, 0.018891
4.019118e-07, 0.017612
4.021117e-07, 0.016889
4.023118e-07, 0.016528
4.025118e-07, 0.016778
4.027117e-07, 0.016528
4.029117e-07, 0.016195
4.031118e-07, 0.016584
4.033118e-07, 0.017028
4.035117e-07, 0.016806
4.037118e-07, 0.015027
4.039118e-07, 0.014332
4.041117e-07, 0.013443
4.043117e-07, 0.014221
4.045118e-07, 0.013304
4.047118e-07, 0.012192
4.049117e-07, 0.011775
4.051118e-07, 0.012303
4.053118e-07, 0.013943
4.055117e-07, 0.014499
4.057117e-07, 0.014777
4.059118e-07, 0.012414
4.061118e-07, 0.011025
4.063117e-07, 0.009885
4.065118e-07, 0.009829
4.067118e-07, 0.010330
4.069117e-07, 0.010802
4.071117e-07, 0.010719
4.073118e-07, 0.011386
4.075118e-07, 0.010886
4.077117e-07, 0.009301
4.079117e-07, 0.007995
4.081118e-07, 0.007884
4.083118e-07, 0.007217
4.085117e-07, 0.006077
4.087118e-07, 0.007272
4.089118e-07, 0.008106
4.091117e-07, 0.005910
4.093117e-07, 0.006550
4.095118e-07, 0.007578
4.097118e-07, 0.008023
4.099117e-07, 0.007078
4.101118e-07, 0.005744
4.103118e-07, 0.004743
4.105117e-07, 0.003715
4.107117e-07, 0.004382
4.109118e-07, 0.007773
4.111118e-07, 0.010385
4.113117e-07, 0.010497
4.115118e-07, 0.009051
4.117118e-07, 0.009468
4.119117e-07, 0.007106
4.121117e-07, 0.003993
4.123118e-07, 0.008023
4.125118e-07, 0.010997
4.127117e-07, 0.012970
4.129118e-07, 0.014527
4.131118e-07, 0.014916
4.133117e-07, 0.016945
4.135117e-07, 0.016584
4.137118e-07, 0.016723
4.139118e-07, 0.017445
4.141117e-07, 0.016278
4.143118e-07, 0.014027
4.145118e-07, 0.013610
4.147117e-07, 0.014416
4.149117e-07, 0.015917
4.151118e-07, 0.015972
4.153118e-07, 0.017973
4.155117e-07, 0.017890
4.157118e-07, 0.017946
4.159118e-07, 0.016750
4.161117e-07, 0.016528
4.163117e-07, 0.016667
4.165118e-07, 0.017473
4.167118e-07, 0.018085
4.169117e-07, 0.020697
4.171118e-07, 0.022504
4.173118e-07, 0.022838
4.175117e-07, 0.024422
4.177117e-07, 0.024894
4.179118e-07, 0.026729
4.181118e-07, 0.026618
4.183117e-07, 0.027312
4.185118e-07, 0.027118
4.187118e-07, 0.027368
4.189117e-07, 0.030036
4.191117e-07, 0.030787
4.193118e-07, 0.030842
4.195118e-07, 0.029564
4.197117e-07, 0.029203
4.199118e-07, 0.030092
4.201118e-07, 0.028202
4.203117e-07, 0.029342
4.205117e-07, 0.028035
4.207118e-07, 0.027285
4.209118e-07, 0.027535
4.211117e-07, 0.029314
4.213118e-07, 0.029592
4.215118e-07, 0.028925
4.217118e-07, 0.029119
4.219117e-07, 0.028952
4.221118e-07, 0.027451
4.223118e-07, 0.026812
4.225117e-07, 0.027368
4.227117e-07, 0.025339
4.229118e-07, 0.026367
4.231118e-07, 0.027646
4.233117e-07, 0.027507
4.235118e-07, 0.028758
4.237118e-07, 0.027312
4.239117e-07, 0.026284
4.241117e-07, 0.025784
4.243118e-07, 0.024839
4.245118e-07, 0.023671
4.247117e-07, 0.022143
4.249118e-07, 0.021754
4.251118e-07, 0.023282
4.253117e-07, 0.025033
4.255117e-07, 0.025700
4.257118e-07, 0.026340
4.259118e-07, 0.024255
4.261117e-07, 0.020225
4.263118e-07, 0.018029
4.265118e-07, 0.016723
4.267117e-07, 0.017001
4.269117e-07, 0.018529
4.271118e-07, 0.020781
4.273118e-07, 0.024033
4.275117e-07, 0.030703
4.277118e-07, 0.030120
4.279118e-07, 0.025256
4.281117e-07, 0.023171
4.283117e-07, 0.022282
4.285118e-07, 0.022365
4.287118e-07, 0.019641
4.289117e-07, 0.019169
4.291118e-07, 0.020614
4.293118e-07, 0.021865
4.295117e-07, 0.021976
4.297117e-07, 0.021337
4.299118e-07, 0.021392
4.301118e-07, 0.018918
4.303117e-07, 0.016750
4.305118e-07, 0.017167
4.307118e-07, 0.016973
4.309117e-07, 0.017862
4.311117e-07, 0.018613
4.313118e-07, 0.018974
4.315118e-07, 0.019169
4.317117e-07, 0.018001
4.319118e-07, 0.017668
4.321118e-07, 0.016083
4.323117e-07, 0.016334
4.325117e-07, 0.016667
4.327118e-07, 0.017001
4.329118e-07, 0.017723
4.331117e-07, 0.017779
4.333118e-07, 0.017973
4.335118e-07, 0.017001
4.337117e-07, 0.015889
4.339117e-07, 0.015027
4.341118e-07, 0.013443
4.343118e-07, 0.012164
4.345117e-07, 0.012637
4.347118e-07, 0.013359
4.349118e-07, 0.013137
4.351117e-07, 0.013693
4.353117e-07, 0.015639
4.355118e-07, 0.016500
4.357118e-07, 0.014999
4.359117e-07, 0.013026
4.361118e-07, 0.011636
4.363118e-07, 0.011886
4.365118e-07, 0.009468
4.367117e-07, 0.008523
4.369118e-07, 0.008078
4.371118e-07, 0.009635
4.373117e-07, 0.010385
4.375118e-07, 0.010747
4.377118e-07, 0.011052
4.379118e-07, 0.009774
4.381117e-07, 0.007328
4.383118e-07, 0.007661
4.385118e-07, 0.008634
4.387117e-07, 0.009162
4.389117e-07, 0.008996
4.391118e-07, 0.008023
4.393118e-07, 0.007939
4.395117e-07, 0.007328
4.397118e-07, 0.006466
4.399118e-07, 0.007161
4.401117e-07, 0.007272
4.403117e-07, 0.005605
4.405118e-07, 0.003159
4.407118e-07, 0.002241
4.409117e-07, 0.006244
4.411118e-07, 0.011164
4.413118e-07, 0.011720
4.415117e-07, 0.010302
4.417117e-07, 0.008773
4.419118e-07, 0.006772
4.421118e-07, 0.003187
4.423117e-07, 0.006605
4.425118e-07, 0.010941
4.427118e-07, 0.013248
4.429117e-07, 0.014666
4.431117e-07, 0.016445
4.433118e-07, 0.017918
4.435118e-07, 0.016750
4.437117e-07, 0.016167
4.439118e-07, 0.016584
4.441118e-07, 0.015527
4.443117e-07, 0.015805
4.445117e-07, 0.015138
4.447118e-07, 0.014888
4.449118e-07, 0.015639
4.451117e-07, 0.016862
4.453118e-07, 0.017223
4.455118e-07, 0.017584
4.457117e-07, 0.018696
4.459117e-07, 0.018085
4.461118e-07, 0.016667
4.463118e-07, 0.016695
4.465117e-07, 0.018557
4.467118e-07, 0.020364
4.469118e-07, 0.021837
4.471117e-07, 0.023532
4.473117e-07, 0.025506
4.475118e-07, 0.025784
4.477118e-07, 0.026729
4.479117e-07, 0.026701
4.481118e-07, 0.027201
4.483118e-07, 0.027201
4.485117e-07, 0.027146
4.487117e-07, 0.027007
4.489118e-07, 0.029091
4.491118e-07, 0.029814
4.493117e-07, 0.029592
4.495118e-07, 0.029592
4.497118e-07, 0.030426
4.499118e-07, 0.030453
4.501117e-07, 0.029119
4.503118e-07, 0.027757
4.505118e-07, 0.028925
4.507117e-07, 0.028563
4.509118e-07, 0.027729
4.511118e-07, 0.028174
4.513118e-07, 0.030314
4.515117e-07, 0.030787
4.517118e-07, 0.029731
4.519118e-07, 0.029925
4.521117e-07, 0.028313
4.523118e-07, 0.026284
4.525118e-07, 0.025422
4.527118e-07, 0.026562
4.529117e-07, 0.027090
4.531118e-07, 0.026701
4.533118e-07, 0.027285
4.535118e-07, 0.027146
4.537118e-07, 0.026173
4.539117e-07, 0.025450
4.541117e-07, 0.025784
4.543117e-07, 0.024950
4.545118e-07, 0.023699
4.547118e-07, 0.021364
4.549118e-07, 0.020892
4.551118e-07, 0.023532
4.553117e-07, 0.024561
4.555117e-07, 0.024700
4.557117e-07, 0.026006
4.559118e-07, 0.023783
4.561118e-07, 0.019474
4.563118e-07, 0.016973
4.565118e-07, 0.015444
4.567117e-07, 0.016556
4.569117e-07, 0.018585
4.571117e-07, 0.020558
4.573118e-07, 0.023421
4.575118e-07, 0.027980
4.577118e-07, 0.029536
4.579118e-07, 0.026090
4.581117e-07, 0.024338
4.583117e-07, 0.024005
4.585117e-07, 0.021754
4.587118e-07, 0.019752
4.589118e-07, 0.018363
4.591118e-07, 0.020225
4.593118e-07, 0.022393
4.595117e-07, 0.021976
4.597117e-07, 0.021670
4.599117e-07, 0.022226
4.601118e-07, 0.020364
4.603118e-07, 0.017473
4.605118e-07, 0.018696
4.607118e-07, 0.017807
4.609117e-07, 0.016611
4.611117e-07, 0.019169
4.613117e-07, 0.021281
4.615118e-07, 0.021865
4.617118e-07, 0.020670
4.619118e-07, 0.018446
4.621118e-07, 0.016417
4.623117e-07, 0.015861
4.625117e-07, 0.017195
4.627117e-07, 0.017306
4.629118e-07, 0.016778
4.631118e-07, 0.014944
4.633118e-07, 0.016278
4.635118e-07, 0.015722
4.637117e-07, 0.016250
4.639117e-07, 0.015388
4.641117e-07, 0.014916
4.643118e-07, 0.013999
4.645118e-07, 0.014416
4.647118e-07, 0.014221
4.649118e-07, 0.013109
4.651117e-07, 0.013081
4.653117e-07, 0.013721
4.655117e-07, 0.014638
4.657118e-07, 0.014666
4.659118e-07, 0.013554
4.661118e-07, 0.013026
4.663118e-07, 0.011636
4.665117e-07, 0.009691
4.667117e-07, 0.007578
4.669117e-07, 0.009023
4.671118e-07, 0.008579
4.673118e-07, 0.008495
4.675118e-07, 0.010691
4.677118e-07, 0.010080
4.679117e-07, 0.009718
4.681117e-07, 0.009135
4.683117e-07, 0.007689
4.685117e-07, 0.006828
4.687118e-07, 0.006994
4.689118e-07, 0.006911
4.691118e-07, 0.006716
4.693117e-07, 0.005716
4.695117e-07, 0.007106
4.697117e-07, 0.006911
4.699117e-07, 0.007328
4.701118e-07, 0.007495
4.703118e-07, 0.006466
4.705118e-07, 0.004132
4.707117e-07, 0.002909
4.709117e-07, 0.005771
4.711117e-07, 0.009913
4.713117e-07, 0.010135
4.715118e-07, 0.009718
4.717118e-07, 0.009246
4.719118e-07, 0.007828
4.721118e-07, 0.005355
4.723117e-07, 0.005910
4.725117e-07, 0.009579
4.727117e-07, 0.012720
4.729118e-07, 0.013443
4.731118e-07, 0.015500
4.733118e-07, 0.017084
4.735118e-07, 0.016862
4.737117e-07, 0.014972
4.739117e-07, 0.015889
4.741117e-07, 0.015222
4.743118e-07, 0.013999
4.745118e-07, 0.012498
4.747118e-07, 0.013943
4.749118e-07, 0.015277
4.751117e-07, 0.015277
4.753117e-07, 0.016889
4.755117e-07, 0.017890
4.757118e-07, 0.017473
4.759118e-07, 0.018140
4.761118e-07, 0.017279
4.763118e-07, 0.016778
4.765117e-07, 0.016862
4.767117e-07, 0.018474
4.769117e-07, 0.020975
4.771118e-07, 0.022309
4.773118e-07, 0.024366
4.775118e-07, 0.024644
4.777118e-07, 0.022893
4.779117e-07, 0.023477
4.781117e-07, 0.025812
4.783117e-07, 0.026367
4.785118e-07, 0.025839
4.787118e-07, 0.027868
4.789118e-07, 0.029675
4.791118e-07, 0.029314
4.793117e-07, 0.030175
4.795117e-07, 0.030453
4.797117e-07, 0.030398
4.799118e-07, 0.030120
4.801118e-07, 0.030592
4.803118e-07, 0.028480
4.805118e-07, 0.027618
4.807117e-07, 0.028369
4.809117e-07, 0.027729
4.811117e-07, 0.027952
4.813118e-07, 0.030203
4.815118e-07, 0.031148
4.817118e-07, 0.029675
4.819118e-07, 0.028202
4.821117e-07, 0.026673
4.823117e-07, 0.026423
4.825117e-07, 0.027507
4.827118e-07, 0.027007
4.829118e-07, 0.027424
4.831118e-07, 0.027368
4.833118e-07, 0.027646
4.835117e-07, 0.027813
4.837117e-07, 0.026840
4.839117e-07, 0.026562
4.841118e-07, 0.025978
4.843118e-07, 0.023421
4.845118e-07, 0.023922
4.847118e-07, 0.022699
4.849117e-07, 0.021670
4.851117e-07, 0.024116
4.853117e-07, 0.026201
4.855118e-07, 0.025728
4.857118e-07, 0.025089
4.859118e-07, 0.025006
4.861118e-07, 0.021448
4.863117e-07, 0.017751
4.865117e-07, 0.016639
4.867117e-07, 0.016778
4.869118e-07, 0.018918
4.871118e-07, 0.020225
4.873118e-07, 0.023616
4.875118e-07, 0.027924
4.877117e-07, 0.031510
4.879117e-07, 0.027451
4.881117e-07, 0.022282
4.883118e-07, 0.021754
4.885118e-07, 0.021337
4.887118e-07, 0.020280
4.889118e-07, 0.019586
4.891117e-07, 0.019586
4.893117e-07, 0.020419
4.895117e-07, 0.020947
4.897118e-07, 0.020864
4.899118e-07, 0.021392
4.901118e-07, 0.019641
4.903118e-07, 0.017473
4.905117e-07, 0.017751
4.907117e-07, 0.017946
4.909117e-07, 0.017529
4.911118e-07, 0.018335
4.913118e-07, 0.021642
4.915118e-07, 0.020725
4.917118e-07, 0.019613
4.919117e-07, 0.017584
4.921117e-07, 0.016056
4.923117e-07, 0.015917
4.925118e-07, 0.016195
4.927118e-07, 0.014944
4.929118e-07, 0.015472
4.931118e-07, 0.015333
4.933117e-07, 0.015361
4.935117e-07, 0.016445
4.937117e-07, 0.016222
4.939118e-07, 0.016056
4.941118e-07, 0.014249
4.943118e-07, 0.012414
4.945118e-07, 0.012526
4.947117e-07, 0.012275
4.949117e-07, 0.013081
4.951117e-07, 0.013193
4.953118e-07, 0.013109
4.955118e-07, 0.013387
4.957118e-07, 0.012970
4.959118e-07, 0.011747
4.961117e-07, 0.011164
4.963117e-07, 0.009524
4.965117e-07, 0.008745
4.967118e-07, 0.008356
4.969118e-07, 0.008273
4.971118e-07, 0.008106
4.973118e-07, 0.009385
4.975117e-07, 0.009774
4.977117e-07, 0.009496
4.979117e-07, 0.008523
4.981118e-07, 0.007828
4.983118e-07, 0.008162
4.985118e-07, 0.006633
4.987118e-07, 0.006550
4.989117e-07, 0.008162
4.991117e-07, 0.007106
4.993117e-07, 0.006439
4.995117e-07, 0.005493
4.997118e-07, 0.006049
4.999118e-07, 0.006355
5.001118e-07, 0.006911
5.003118e-07, 0.006188
5.005117e-07, 0.003325
5.007117e-07, 0.003548
5.009117e-07, 0.006022
5.011118e-07, 0.008495
5.013118e-07, 0.010191
5.015118e-07, 0.009913
5.017118e-07, 0.008579
5.019117e-07, 0.007411
5.021117e-07, 0.004826
5.023117e-07, 0.005160
5.025118e-07, 0.009135
5.027118e-07, 0.012053
5.029118e-07, 0.013109
5.031118e-07, 0.015277
5.033117e-07, 0.016195
5.035117e-07, 0.016973
5.037117e-07, 0.016667
5.039118e-07, 0.018307
5.041118e-07, 0.019780
5.043118e-07, 0.017001
5.045118e-07, 0.014304
5.047117e-07, 0.013943
5.049117e-07, 0.015500
5.051117e-07, 0.016361
5.053118e-07, 0.017640
5.055118e-07, 0.018474
5.057118e-07, 0.018557
5.059118e-07, 0.017668
5.061117e-07, 0.017668
5.063117e-07, 0.016917
5.065117e-07, 0.018196
5.067118e-07, 0.018613
5.069118e-07, 0.020531
5.071118e-07, 0.022282
5.073118e-07, 0.024255
5.075117e-07, 0.024255
5.077117e-07, 0.025061
5.079117e-07, 0.025450
5.081118e-07, 0.025617
5.083118e-07, 0.026590
5.085118e-07, 0.026979
5.087118e-07, 0.027590
5.089117e-07, 0.028146
5.091117e-07, 0.030370
5.093117e-07, 0.030259
5.095118e-07, 0.029786
5.097118e-07, 0.031537
5.099118e-07, 0.031148
5.101118e-07, 0.030426
5.103117e-07, 0.029508
5.105117e-07, 0.028313
5.107117e-07, 0.028063
5.109118e-07, 0.028480
5.111118e-07, 0.027201
5.113118e-07, 0.029064
5.115118e-07, 0.029369
5.117117e-07, 0.028424
5.119117e-07, 0.027952
5.121117e-07, 0.028563
5.123118e-07, 0.027841
5.125118e-07, 0.027090
5.127118e-07, 0.026340
5.129118e-07, 0.026340
5.131117e-07, 0.026395
5.133117e-07, 0.026534
5.135117e-07, 0.026701
5.137118e-07, 0.026951
5.139118e-07, 0.026395
5.141118e-07, 0.025728
5.143118e-07, 0.024533
5.145117e-07, 0.024144
5.147117e-07, 0.023088
5.149117e-07, 0.021781
5.151118e-07, 0.022254
5.153118e-07, 0.025144
5.155118e-07, 0.026479
5.157118e-07, 0.025673
5.159117e-07, 0.024922
5.161117e-07, 0.023421
5.163117e-07, 0.018363
5.165118e-07, 0.015500
5.167118e-07, 0.016167
5.169118e-07, 0.017862
5.171118e-07, 0.020114
5.173117e-07, 0.023449
5.175117e-07, 0.028230
5.177117e-07, 0.031510
5.179118e-07, 0.028619
5.181118e-07, 0.024172
5.183118e-07, 0.023254
5.185118e-07, 0.021587
5.187117e-07, 0.021392
5.189117e-07, 0.019641
5.191117e-07, 0.017612
5.193118e-07, 0.020614
5.195118e-07, 0.021448
5.197118e-07, 0.021003
5.199118e-07, 0.020642
5.201117e-07, 0.019919
5.203117e-07, 0.017584
5.205117e-07, 0.017223
5.207118e-07, 0.016778
5.209118e-07, 0.015694
5.211118e-07, 0.016973
5.213118e-07, 0.018529
5.215117e-07, 0.020225
5.217117e-07, 0.018918
5.219117e-07, 0.018724
5.221118e-07, 0.017028
5.223118e-07, 0.015222
5.225118e-07, 0.015277
5.227118e-07, 0.017167
5.229117e-07, 0.017556
5.231117e-07, 0.016195
5.233117e-07, 0.016862
5.235118e-07, 0.017112
5.237118e-07, 0.015861
5.239118e-07, 0.014833
5.241118e-07, 0.015277
5.243117e-07, 0.013498
5.245117e-07, 0.012998
5.247117e-07, 0.013637
5.249118e-07, 0.013804
5.251118e-07, 0.013471
5.253118e-07, 0.013415
5.255118e-07, 0.014805
5.257117e-07, 0.015166
5.259117e-07, 0.014221
5.261117e-07, 0.013471
5.263118e-07, 0.012303
5.265118e-07, 0.010441
5.267118e-07, 0.009635
5.269118e-07, 0.009051
5.271117e-07, 0.009885
5.273117e-07, 0.010691
5.275117e-07, 0.010524
5.277118e-07, 0.010719
5.279118e-07, 0.010385
5.281118e-07, 0.009079
5.283118e-07, 0.009329
5.285118e-07, 0.008134
5.287117e-07, 0.007773
5.289117e-07, 0.008412
5.291117e-07, 0.006716
5.293118e-07, 0.006911
5.295118e-07, 0.006661
5.297118e-07, 0.006550
5.299118e-07, 0.007634
5.301117e-07, 0.007272
5.303117e-07, 0.006633
5.305117e-07, 0.005660
5.307118e-07, 0.003520
5.309118e-07, 0.004604
5.311118e-07, 0.007467
5.313118e-07, 0.010608
5.315117e-07, 0.010302
5.317117e-07, 0.008996
5.319117e-07, 0.007439
5.321118e-07, 0.005188
5.323118e-07, 0.004715
5.325118e-07, 0.009135
5.327118e-07, 0.011914
5.329117e-07, 0.013721
5.331117e-07, 0.016500
5.333117e-07, 0.017946
5.335118e-07, 0.018724
5.337118e-07, 0.017362
5.339118e-07, 0.016917
5.341118e-07, 0.018696
5.343117e-07, 0.018640
5.345117e-07, 0.017279
5.347117e-07, 0.016389
5.349118e-07, 0.017556
5.351118e-07, 0.018946
5.353118e-07, 0.020920
5.355118e-07, 0.022393
5.357117e-07, 0.022949
5.359117e-07, 0.024283
5.361117e-07, 0.024783
5.363118e-07, 0.023922
5.365118e-07, 0.024533
5.367118e-07, 0.025144
5.369118e-07, 0.028146
5.371117e-07, 0.030537
5.373117e-07, 0.031621
5.375117e-07, 0.030620
5.377118e-07, 0.031287
5.379118e-07, 0.032844
5.381118e-07, 0.033427
5.383118e-07, 0.032983
5.385117e-07, 0.033261
5.387117e-07, 0.033010
5.389117e-07, 0.034400
5.391118e-07, 0.034817
5.393118e-07, 0.035679
5.395118e-07, 0.036096
5.397118e-07, 0.035623
5.399117e-07, 0.036179
5.401117e-07, 0.035456
5.403117e-07, 0.034817
5.405118e-07, 0.033733
5.407118e-07, 0.033622
5.409118e-07, 0.033122
5.411118e-07, 0.032705
5.413117e-07, 0.035345
5.415117e-07, 0.034762
5.417117e-07, 0.033427
5.419118e-07, 0.034094
5.421118e-07, 0.033844
5.423118e-07, 0.031760
5.425118e-07, 0.032844
5.427117e-07, 0.032316
5.429117e-07, 0.031037
5.431117e-07, 0.031510
5.433118e-07, 0.031982
5.435118e-07, 0.032093
5.437118e-07, 0.031815
5.439118e-07, 0.030314
5.441117e-07, 0.030092
5.443117e-07, 0.029036
5.445117e-07, 0.028424
5.447118e-07, 0.027674
5.449118e-07, 0.026479
5.451118e-07, 0.026173
5.453118e-07, 0.028424
5.455117e-07, 0.029342
5.457117e-07, 0.028730
5.459117e-07, 0.027924
5.461118e-07, 0.027757
5.463118e-07, 0.023171
5.465118e-07, 0.019530
5.467118e-07, 0.019419
5.469117e-07, 0.020447
5.471117e-07, 0.022615
5.473117e-07, 0.025089
5.475118e-07, 0.029064
5.477118e-07, 0.035512
5.479118e-07, 0.032677
5.481118e-07, 0.027952
5.483117e-07, 0.026090
5.485117e-07, 0.025367
5.487117e-07, 0.023977
5.489118e-07, 0.022782
5.491118e-07, 0.023254
5.493118e-07, 0.024005
5.495118e-07, 0.024477
5.497117e-07, 0.023894
5.499117e-07, 0.023004
5.501117e-07, 0.023366
5.503118e-07, 0.020892
5.505118e-07, 0.019391
5.507118e-07, 0.019308
5.509118e-07, 0.019002
5.511117e-07, 0.020141
5.513117e-07, 0.022921
5.515117e-07, 0.024394
5.517118e-07, 0.024144
5.519118e-07, 0.022393
5.521118e-07, 0.019141
5.523118e-07, 0.017723
5.525117e-07, 0.017418
5.527117e-07, 0.019057
5.529117e-07, 0.018224
5.531118e-07, 0.017584
5.533118e-07, 0.017445
5.535118e-07, 0.018168
5.537118e-07, 0.017279
5.539117e-07, 0.016445
5.541117e-07, 0.016111
5.543117e-07, 0.015555
5.545118e-07, 0.014499
5.547118e-07, 0.013749
5.549118e-07, 0.013498
5.551118e-07, 0.014416
5.553117e-07, 0.015555
5.555117e-07, 0.015388
5.557117e-07, 0.014972
5.559118e-07, 0.014027
5.561118e-07, 0.014388
5.563118e-07, 0.013888
5.565118e-07, 0.011664
5.567118e-07, 0.012053
5.569117e-07, 0.012804
5.571117e-07, 0.012136
5.573118e-07, 0.010497
5.575118e-07, 0.010969
5.577118e-07, 0.012081
5.579118e-07, 0.011831
5.581118e-07, 0.010135
5.583117e-07, 0.009162
5.585117e-07, 0.008162
5.587118e-07, 0.008662
5.589118e-07, 0.010163
5.591118e-07, 0.009135
5.593118e-07, 0.007939
5.595118e-07, 0.007022
5.597117e-07, 0.007328
5.599117e-07, 0.008884
5.601117e-07, 0.008468
5.603118e-07, 0.008634
5.605118e-07, 0.005382
5.607118e-07, 0.003048
5.609118e-07, 0.005188
5.611117e-07, 0.008579
5.613117e-07, 0.011692
5.615117e-07, 0.013137
5.617118e-07, 0.011247
5.619118e-07, 0.009413
5.621118e-07, 0.006967
5.623118e-07, 0.006383
5.625117e-07, 0.009802
5.627117e-07, 0.011997
5.629117e-07, 0.013582
5.631118e-07, 0.015250
5.633118e-07, 0.017001
5.635118e-07, 0.017279
5.637118e-07, 0.017445
5.639117e-07, 0.017973
5.641117e-07, 0.020197
5.643117e-07, 0.019113
5.645118e-07, 0.016611
5.647118e-07, 0.015416
5.649118e-07, 0.017445
5.651118e-07, 0.019335
5.653117e-07, 0.021615
5.655117e-07, 0.021476
5.657117e-07, 0.022059
5.659118e-07, 0.020892
5.661118e-07, 0.021225
5.663118e-07, 0.021114
5.665118e-07, 0.019641
5.667117e-07, 0.021809
5.669117e-07, 0.023838
5.671117e-07, 0.025283
5.673118e-07, 0.026757
5.675118e-07, 0.028397
5.677118e-07, 0.028230
5.679118e-07, 0.026979
5.681117e-07, 0.028258
5.683117e-07, 0.030148
5.685117e-07, 0.030842
5.687118e-07, 0.031204
5.689118e-07, 0.031787
5.691118e-07, 0.032177
5.693118e-07, 0.033316
5.695117e-07, 0.032121
5.697117e-07, 0.031871
5.699117e-07, 0.031510
5.701118e-07, 0.031398
5.703118e-07, 0.030314
5.705118e-07, 0.030703
5.707118e-07, 0.028730
5.709117e-07, 0.029369
5.711117e-07, 0.029981
5.713117e-07, 0.030537
5.715118e-07, 0.030648
5.717118e-07, 0.030426
5.719118e-07, 0.030203
5.721118e-07, 0.029675
5.723117e-07, 0.028285
5.725117e-07, 0.026896
5.727117e-07, 0.027451
5.729118e-07, 0.027563
5.731118e-07, 0.027980
5.733118e-07, 0.028619
5.735118e-07, 0.028813
5.737117e-07, 0.028897
5.739117e-07, 0.028258
5.741117e-07, 0.027674
5.743118e-07, 0.026729
5.745118e-07, 0.026562
5.747118e-07, 0.025867
5.749118e-07, 0.024533
5.751117e-07, 0.023894
5.753117e-07, 0.026090
5.755117e-07, 0.027674
5.757118e-07, 0.029592
5.759118e-07, 0.027340
5.761118e-07, 0.026312
5.763118e-07, 0.022865
5.765117e-07, 0.019057
5.767117e-07, 0.018668
5.769117e-07, 0.019808
5.771118e-07, 0.019891
5.773118e-07, 0.023171
5.775118e-07, 0.026479
5.777118e-07, 0.032038
5.779117e-07, 0.033177
5.781117e-07, 0.028035
5.783117e-07, 0.025172
5.785118e-07, 0.024867
5.787118e-07, 0.023894
5.789118e-07, 0.021615
5.791118e-07, 0.021976
5.793117e-07, 0.023866
5.795117e-07, 0.024172
5.797117e-07, 0.023421
5.799118e-07, 0.023699
5.801118e-07, 0.024172
5.803118e-07, 0.021309
5.805118e-07, 0.018529
5.807117e-07, 0.018863
5.809117e-07, 0.017834
5.811117e-07, 0.017751
5.813118e-07, 0.021559
5.815118e-07, 0.023143
5.817118e-07, 0.022059
5.819118e-07, 0.020225
5.821117e-07, 0.018918
5.823117e-07, 0.018835
5.825117e-07, 0.017807
5.827118e-07, 0.018363
5.829118e-07, 0.018307
5.831118e-07, 0.017223
5.833118e-07, 0.017529
5.835117e-07, 0.018668
5.837117e-07, 0.016806
5.839117e-07, 0.016667
5.841118e-07, 0.016250
5.843118e-07, 0.014777
5.845118e-07, 0.014277
5.847118e-07, 0.014805
5.849118e-07, 0.014499
5.851117e-07, 0.013359
5.853117e-07, 0.014304
5.855118e-07, 0.015333
5.857118e-07, 0.015361
5.859118e-07, 0.016222
5.861118e-07, 0.013888
5.863118e-07, 0.011330
5.865117e-07, 0.012081
5.867117e-07, 0.012025
5.869118e-07, 0.010886
5.871118e-07, 0.010886
5.873118e-07, 0.011164
5.875118e-07, 0.011303
5.877118e-07, 0.011191
5.879117e-07, 0.011080
5.881117e-07, 0.011525
5.883118e-07, 0.010163
5.885118e-07, 0.008468
5.887118e-07, 0.008940
5.889118e-07, 0.008857
5.891118e-07, 0.009107
5.893117e-07, 0.007467
5.895117e-07, 0.006661
5.897117e-07, 0.006716
5.899118e-07, 0.007578
5.901118e-07, 0.008634
5.903118e-07, 0.007356
5.905118e-07, 0.005688
5.907117e-07, 0.005299
5.909117e-07, 0.004409
5.911117e-07, 0.007495
5.913118e-07, 0.010663
5.915118e-07, 0.011275
5.917118e-07, 0.010691
5.919118e-07, 0.009579
5.921117e-07, 0.007078
5.923117e-07, 0.004187
5.925117e-07, 0.006077
5.927118e-07, 0.009746
5.929118e-07, 0.012192
5.931118e-07, 0.013109
5.933118e-07, 0.015444
5.935117e-07, 0.017279
5.937117e-07, 0.017279
5.939117e-07, 0.017556
5.941118e-07, 0.017695
5.943118e-07, 0.018112
5.945118e-07, 0.018279
5.947118e-07, 0.018001
5.949117e-07, 0.020697
5.951117e-07, 0.023032
5.953117e-07, 0.024144
5.955118e-07, 0.024505
5.957118e-07, 0.025867
5.959118e-07, 0.025367
5.961118e-07, 0.026201
5.963117e-07, 0.024811
5.965117e-07, 0.023254
5.967117e-07, 0.024338
5.969118e-07, 0.024728
5.971118e-07, 0.026201
5.973118e-07, 0.029119
5.975118e-07, 0.031621
5.977117e-07, 0.032149
5.979117e-07, 0.032093
5.981117e-07, 0.034623
5.983118e-07, 0.035929
5.985118e-07, 0.035901
5.987118e-07, 0.036068
5.989118e-07, 0.035790
5.991117e-07, 0.036624
5.993117e-07, 0.038486
5.995117e-07, 0.038959
5.997118e-07, 0.039070
5.999118e-07, 0.038903
6.001118e-07, 0.038736
6.003118e-07, 0.037875
6.005117e-07, 0.037458
6.007117e-07, 0.037291
6.009117e-07, 0.034762
6.011118e-07, 0.034233
6.013118e-07, 0.037096
6.015118e-07, 0.037763
6.017118e-07, 0.037291
6.019117e-07, 0.036624
6.021117e-07, 0.034289
6.023117e-07, 0.033705
6.025118e-07, 0.033038
6.027118e-07, 0.032204
6.029118e-07, 0.031510
6.031118e-07, 0.031565
6.033117e-07, 0.033316
6.035117e-07, 0.033622
6.037117e-07, 0.032510
6.039118e-07, 0.031676
6.041118e-07, 0.031843
6.043118e-07, 0.030703
6.045118e-07, 0.029536
6.047117e-07, 0.027507
6.049117e-07, 0.026645
6.051117e-07, 0.027229
6.053118e-07, 0.027257
6.055118e-07, 0.028202
6.057118e-07, 0.029036
6.059118e-07, 0.028647
6.061117e-07, 0.026534
6.063117e-07, 0.022699
6.065117e-07, 0.018557
6.067118e-07, 0.018557
6.069118e-07, 0.018891
6.071118e-07, 0.019280
6.073118e-07, 0.022448
6.075117e-07, 0.026284
6.077117e-07, 0.031287
6.079117e-07, 0.033872
6.081118e-07, 0.028730
6.083118e-07, 0.026451
6.085118e-07, 0.025200
6.087118e-07, 0.025061
6.089117e-07, 0.025311
6.091117e-07, 0.022282
6.093117e-07, 0.022059
6.095118e-07, 0.024088
6.097118e-07, 0.024783
6.099118e-07, 0.024005
6.101118e-07, 0.025506
6.103117e-07, 0.023338
6.105117e-07, 0.022226
6.107117e-07, 0.021892
6.109118e-07, 0.021337
6.111118e-07, 0.020197
6.113118e-07, 0.022421
6.115118e-07, 0.024616
6.117117e-07, 0.024366
6.119117e-07, 0.022226
6.121117e-07, 0.021253
6.123118e-07, 0.019586
6.125118e-07, 0.018696
6.127118e-07, 0.018168
6.129118e-07, 0.019891
6.131118e-07, 0.019780
6.133117e-07, 0.017723
6.135117e-07, 0.019558
6.137118e-07, 0.019419
6.139118e-07, 0.018196
6.141118e-07, 0.016306
6.143118e-07, 0.015944
6.145118e-07, 0.016111
6.147117e-07, 0.014610
6.149117e-07, 0.014304
6.151118e-07, 0.014527
6.153118e-07, 0.014638
6.155118e-07, 0.015944
6.157118e-07, 0.015861
6.159118e-07, 0.015639
6.161117e-07, 0.014332
6.163117e-07, 0.012359
6.165118e-07, 0.010941
6.167118e-07, 0.010024
6.169118e-07, 0.010969
6.171118e-07, 0.009996
6.173118e-07, 0.009802
6.175117e-07, 0.010802
6.177117e-07, 0.011330
6.179118e-07, 0.011052
6.181118e-07, 0.009968
6.183118e-07, 0.008495
6.185118e-07, 0.008690
6.187118e-07, 0.008106
6.189117e-07, 0.008217
6.191117e-07, 0.008217
6.193118e-07, 0.008245
6.195118e-07, 0.006661
6.197118e-07, 0.006828
6.199118e-07, 0.008940
6.201118e-07, 0.008356
6.203117e-07, 0.006883
6.205117e-07, 0.005688
6.207117e-07, 0.004354
6.209118e-07, 0.003965
6.211118e-07, 0.007689
6.213118e-07, 0.010691
6.215118e-07, 0.012943
6.217117e-07, 0.012248
6.219117e-07, 0.010552
6.221117e-07, 0.010302
6.223118e-07, 0.006772
6.225118e-07, 0.008829
6.227118e-07, 0.014249
6.229118e-07, 0.017167
6.231117e-07, 0.017918
6.233117e-07, 0.019085
6.235117e-07, 0.020975
6.237118e-07, 0.021754
6.239118e-07, 0.020503
6.241118e-07, 0.020364
6.243118e-07, 0.021781
6.245117e-07, 0.019447
6.247117e-07, 0.016445
6.249117e-07, 0.017584
6.251118e-07, 0.018251
6.253118e-07, 0.019169
6.255118e-07, 0.020503
6.257118e-07, 0.021337
6.259117e-07, 0.021392
6.261117e-07, 0.021754
6.263117e-07, 0.020364
6.265118e-07, 0.020475
6.267118e-07, 0.020697
6.269118e-07, 0.021948
6.271118e-07, 0.022031
6.273117e-07, 0.024783
6.275117e-07, 0.025283
6.277117e-07, 0.026479
6.279118e-07, 0.025756
6.281118e-07, 0.026117
6.283118e-07, 0.027646
6.285118e-07, 0.028452
6.287117e-07, 0.029064
6.289117e-07, 0.029397
6.291117e-07, 0.030481
6.293118e-07, 0.031315
6.295118e-07, 0.031287
6.297118e-07, 0.030870
6.299118e-07, 0.030648
6.301117e-07, 0.030287
6.303117e-07, 0.029675
6.305117e-07, 0.030370
6.307118e-07, 0.029369
6.309118e-07, 0.028341
6.311118e-07, 0.028202
6.313118e-07, 0.028758
6.315117e-07, 0.029925
6.317117e-07, 0.031732
6.319117e-07, 0.031065
6.321118e-07, 0.028869
6.323118e-07, 0.028007
6.325118e-07, 0.028397
6.327118e-07, 0.028230
6.329117e-07, 0.027785
6.331117e-07, 0.027035
6.333117e-07, 0.027090
6.335118e-07, 0.028980
6.337118e-07, 0.027729
6.339118e-07, 0.028341
6.341118e-07, 0.028007
6.343117e-07, 0.025895
6.345117e-07, 0.025978
6.347117e-07, 0.024060
6.349118e-07, 0.022504
6.351118e-07, 0.022504
6.353118e-07, 0.023866
6.355118e-07, 0.025283
6.357117e-07, 0.027507
6.359117e-07, 0.026812
6.361117e-07, 0.025228
6.363118e-07, 0.022921
6.365118e-07, 0.018807
6.367118e-07, 0.016723
6.369118e-07, 0.017640
6.371117e-07, 0.020947
6.373117e-07, 0.021809
6.375117e-07, 0.024199
6.377118e-07, 0.028674
6.379118e-07, 0.032260
6.381118e-07, 0.028341
6.383118e-07, 0.024644
6.385117e-07, 0.024950
6.387117e-07, 0.023227
6.389117e-07, 0.021281
6.391118e-07, 0.019863
6.393118e-07, 0.019752
6.395118e-07, 0.022282
6.397118e-07, 0.022059
6.399117e-07, 0.020753
6.401117e-07, 0.021448
6.403117e-07, 0.020697
6.405118e-07, 0.017612
6.407118e-07, 0.017890
6.409118e-07, 0.017834
6.411118e-07, 0.017140
6.413118e-07, 0.018168
6.415117e-07, 0.021086
6.417117e-07, 0.022115
6.419118e-07, 0.019558
6.421118e-07, 0.018446
6.423118e-07, 0.017390
6.425118e-07, 0.016278
6.427118e-07, 0.015944
6.429117e-07, 0.017167
6.431117e-07, 0.018029
6.433118e-07, 0.017390
6.435118e-07, 0.016556
6.437118e-07, 0.016584
6.439118e-07, 0.016584
6.441118e-07, 0.017306
6.443117e-07, 0.016361
6.445117e-07, 0.015722
6.447118e-07, 0.015305
6.449118e-07, 0.014471
6.451118e-07, 0.013888
6.453118e-07, 0.014416
6.455118e-07, 0.015416
6.457117e-07, 0.015917
6.459117e-07, 0.016056
6.461118e-07, 0.015083
6.463118e-07, 0.013665
6.465118e-07, 0.011720
6.467118e-07, 0.010802
6.469118e-07, 0.009968
6.471117e-07, 0.010135
6.473117e-07, 0.011775
6.475118e-07, 0.011469
6.477118e-07, 0.012192
6.479118e-07, 0.010385
6.481118e-07, 0.010358
6.483118e-07, 0.010107
6.485117e-07, 0.008495
6.487117e-07, 0.007912
6.489118e-07, 0.008190
6.491118e-07, 0.007439
6.493118e-07, 0.008718
6.495118e-07, 0.008190
6.497118e-07, 0.006994
6.499117e-07, 0.008078
6.501117e-07, 0.007995
6.503117e-07, 0.006494
6.505118e-07, 0.005466
6.507118e-07, 0.003854
6.509118e-07, 0.002686
6.511118e-07, 0.006244
6.513117e-07, 0.009774
6.515117e-07, 0.010552
6.517117e-07, 0.008579
6.519118e-07, 0.009607
6.521118e-07, 0.009023
6.523118e-07, 0.005327
6.525118e-07, 0.005966
6.527117e-07, 0.011052
6.529117e-07, 0.015500
6.531117e-07, 0.016917
6.533118e-07, 0.017640
6.535118e-07, 0.018974
6.537118e-07, 0.020002
6.539118e-07, 0.018224
6.541117e-07, 0.017056
6.543117e-07, 0.017973
6.545117e-07, 0.017140
6.547118e-07, 0.015416
6.549118e-07, 0.014972
6.551118e-07, 0.014972
6.553118e-07, 0.017973
6.555117e-07, 0.018140
6.557117e-07, 0.018529
6.559117e-07, 0.018918
6.561118e-07, 0.018251
6.563118e-07, 0.018446
6.565118e-07, 0.018307
6.567118e-07, 0.017390
6.569117e-07, 0.019863
6.571117e-07, 0.020225
6.573117e-07, 0.022810
6.575118e-07, 0.025450
6.577118e-07, 0.025117
6.579118e-07, 0.025673
6.581118e-07, 0.026562
6.583117e-07, 0.025812
6.585117e-07, 0.025478
6.587117e-07, 0.026284
6.589118e-07, 0.027257
6.591118e-07, 0.028591
6.593118e-07, 0.029425
6.595118e-07, 0.029758
6.597117e-07, 0.028730
6.599117e-07, 0.030842
6.601117e-07, 0.030314
6.603118e-07, 0.030815
6.605118e-07, 0.029619
6.607118e-07, 0.027785
6.609118e-07, 0.027952
6.611117e-07, 0.027702
6.613117e-07, 0.027479
6.615117e-07, 0.028119
6.617118e-07, 0.029731
6.619118e-07, 0.028480
6.621118e-07, 0.027980
6.623118e-07, 0.029147
6.625117e-07, 0.028146
6.627117e-07, 0.028202
6.629117e-07, 0.027396
6.631118e-07, 0.025673
6.633118e-07, 0.027285
6.635118e-07, 0.027952
6.637118e-07, 0.026868
6.639117e-07, 0.027312
6.641117e-07, 0.027118
6.643117e-07, 0.026757
6.645118e-07, 0.026340
6.647118e-07, 0.025395
6.649118e-07, 0.023505
6.651118e-07, 0.021337
6.653117e-07, 0.023560
6.655117e-07, 0.025589
6.657117e-07, 0.025839
6.659118e-07, 0.026812
6.661118e-07, 0.025923
6.663118e-07, 0.023088
6.665118e-07, 0.018085
6.667117e-07, 0.016139
6.669117e-07, 0.018251
6.671117e-07, 0.018835
6.673118e-07, 0.021142
6.675118e-07, 0.023532
6.677118e-07, 0.027285
6.679118e-07, 0.031926
6.681117e-07, 0.029342
6.683117e-07, 0.024728
6.685117e-07, 0.024005
6.687118e-07, 0.023949
6.689118e-07, 0.021253
6.691118e-07, 0.020670
6.693118e-07, 0.020392
6.695118e-07, 0.022476
6.697117e-07, 0.024422
6.699117e-07, 0.023477
6.701118e-07, 0.023282
6.703118e-07, 0.022143
6.705118e-07, 0.018918
6.707118e-07, 0.016611
6.709118e-07, 0.017890
6.711117e-07, 0.016667
6.713117e-07, 0.018029
6.715118e-07, 0.018807
6.717118e-07, 0.019752
6.719118e-07, 0.019085
6.721118e-07, 0.018613
6.723118e-07, 0.017140
6.725117e-07, 0.015611
6.727117e-07, 0.017112
6.729118e-07, 0.018140
6.731118e-07, 0.017751
6.733118e-07, 0.017167
6.735118e-07, 0.016917
6.737118e-07, 0.016611
6.739117e-07, 0.016000
6.741117e-07, 0.015111
6.743118e-07, 0.013471
6.745118e-07, 0.013332
6.747118e-07, 0.014416
6.749118e-07, 0.013165
6.751118e-07, 0.012053
6.753117e-07, 0.013248
6.755117e-07, 0.015333
6.757118e-07, 0.014332
6.759118e-07, 0.013387
6.761118e-07, 0.013193
6.763118e-07, 0.012025
6.765118e-07, 0.011108
6.767117e-07, 0.010302
6.769117e-07, 0.010191
6.771118e-07, 0.010358
6.773118e-07, 0.009023
6.775118e-07, 0.008912
6.777118e-07, 0.010913
6.779118e-07, 0.012804
6.781117e-07, 0.010719
6.783117e-07, 0.008718
6.785118e-07, 0.007634
6.787118e-07, 0.007078
6.789118e-07, 0.008551
6.791118e-07, 0.008523
6.793118e-07, 0.008968
6.795117e-07, 0.007550
6.797117e-07, 0.006605
6.799118e-07, 0.005938
6.801118e-07, 0.007523
6.803118e-07, 0.007800
6.805118e-07, 0.006161
6.807118e-07, 0.004493
6.809117e-07, 0.003381
6.811117e-07, 0.003854
6.813117e-07, 0.008495
6.815118e-07, 0.010441
6.817118e-07, 0.011025
6.819118e-07, 0.009913
6.821118e-07, 0.009246
6.823117e-07, 0.006522
6.825117e-07, 0.005799
6.827117e-07, 0.010024
6.829118e-07, 0.014388
6.831118e-07, 0.015444
6.833118e-07, 0.016806
6.835118e-07, 0.019141
6.837117e-07, 0.019586
6.839117e-07, 0.017779
6.841117e-07, 0.017723
6.843118e-07, 0.019224
6.845118e-07, 0.019308
6.847118e-07, 0.017556
6.849118e-07, 0.016278
6.851117e-07, 0.016917
6.853117e-07, 0.018502
6.855117e-07, 0.019085
6.857118e-07, 0.019697
6.859118e-07, 0.020141
6.861118e-07, 0.019836
6.863118e-07, 0.019558
6.865117e-07, 0.018918
6.867117e-07, 0.018251
6.869117e-07, 0.019891
6.871118e-07, 0.019502
6.873118e-07, 0.022949
6.875118e-07, 0.025784
6.877118e-07, 0.025978
6.879117e-07, 0.025422
6.881117e-07, 0.026201
6.883117e-07, 0.026590
6.885118e-07, 0.027146
6.887118e-07, 0.028452
6.889118e-07, 0.027618
6.891118e-07, 0.027813
6.893117e-07, 0.030453
6.895117e-07, 0.031926
6.897117e-07, 0.032204
6.899118e-07, 0.030565
6.901118e-07, 0.030287
6.903118e-07, 0.030287
6.905118e-07, 0.029425
6.907117e-07, 0.028452
6.909117e-07, 0.028758
6.911117e-07, 0.027618
6.913118e-07, 0.029842
6.915118e-07, 0.030870
6.917118e-07, 0.030259
6.919118e-07, 0.029981
6.921117e-07, 0.029203
6.923117e-07, 0.028980
6.925117e-07, 0.028925
6.927118e-07, 0.026618
6.929118e-07, 0.027535
6.931118e-07, 0.027340
6.933118e-07, 0.027563
6.935117e-07, 0.027590
6.937117e-07, 0.028035
6.939117e-07, 0.027896
6.941118e-07, 0.027785
6.943118e-07, 0.027201
6.945118e-07, 0.025812
6.947118e-07, 0.026090
6.949117e-07, 0.024366
6.951117e-07, 0.023199
6.953117e-07, 0.022810
6.955118e-07, 0.023727
6.957118e-07, 0.025673
6.959118e-07, 0.026979
6.961118e-07, 0.026256
6.963117e-07, 0.023866
6.965117e-07, 0.018891
6.967117e-07, 0.016472
6.969118e-07, 0.017584
6.971118e-07, 0.018752
6.973118e-07, 0.020197
6.975118e-07, 0.022726
6.977118e-07, 0.026506
6.979117e-07, 0.031982
6.981117e-07, 0.031065
6.983118e-07, 0.024589
6.985118e-07, 0.023282
6.987118e-07, 0.022643
6.989118e-07, 0.021754
6.991118e-07, 0.021642
6.993117e-07, 0.020419
6.995117e-07, 0.022170
6.997118e-07, 0.022532
6.999118e-07, 0.021559
7.001118e-07, 0.022643
7.003118e-07, 0.022782
7.005118e-07, 0.019891
7.007117e-07, 0.018029
7.009117e-07, 0.018196
7.011118e-07, 0.016834
7.013118e-07, 0.017056
7.015118e-07, 0.019613
7.017118e-07, 0.021698
7.019118e-07, 0.021198
7.021117e-07, 0.019863
7.023117e-07, 0.017695
7.025118e-07, 0.015750
7.027118e-07, 0.015778
7.029118e-07, 0.016834
7.031118e-07, 0.017529
7.033118e-07, 0.017056
7.035117e-07, 0.017529
7.037117e-07, 0.018224
7.039118e-07, 0.017473
7.041118e-07, 0.015778
7.043118e-07, 0.014110
7.045118e-07, 0.013554
7.047118e-07, 0.013860
7.049117e-07, 0.014972
7.051117e-07, 0.014249
7.053118e-07, 0.012637
7.055118e-07, 0.013304
7.057118e-07, 0.014749
7.059118e-07, 0.014833
7.061118e-07, 0.015138
7.063117e-07, 0.014082
7.065117e-07, 0.012025
7.067118e-07, 0.010802
7.069118e-07, 0.011775
7.071118e-07, 0.010107
7.073118e-07, 0.010969
7.075118e-07, 0.011358
7.077117e-07, 0.010802
7.079117e-07, 0.011636
7.081118e-07, 0.009996
7.083118e-07, 0.008996
7.085118e-07, 0.008162
7.087118e-07, 0.006272
7.089118e-07, 0.007467
7.091117e-07, 0.006577
7.093117e-07, 0.006828
7.095118e-07, 0.007050
7.097118e-07, 0.007161
7.099118e-07, 0.007578
7.101118e-07, 0.007884
7.103118e-07, 0.006744
7.105117e-07, 0.006661
7.107117e-07, 0.004326
7.109117e-07, 0.002158
7.111118e-07, 0.003103
7.113118e-07, 0.006550
7.115118e-07, 0.010747
7.117118e-07, 0.011108
7.119117e-07, 0.008940
7.121117e-07, 0.007245
7.123117e-07, 0.004799
7.125118e-07, 0.003464
7.127118e-07, 0.009135
7.129118e-07, 0.013637
7.131118e-07, 0.013637
7.133117e-07, 0.014166
7.135117e-07, 0.017695
7.137117e-07, 0.019363
7.139118e-07, 0.018752
7.141118e-07, 0.017918
7.143118e-07, 0.018363
7.145118e-07, 0.018029
7.147117e-07, 0.017306
7.149117e-07, 0.014805
7.151117e-07, 0.015583
7.153118e-07, 0.016611
7.155118e-07, 0.016639
7.157118e-07, 0.018891
7.159118e-07, 0.020225
7.161117e-07, 0.020920
7.163117e-07, 0.020030
7.165117e-07, 0.017584
7.167118e-07, 0.017390
7.169118e-07, 0.018502
7.171118e-07, 0.021392
7.173118e-07, 0.022560
7.175117e-07, 0.023755
7.177117e-07, 0.025117
7.179117e-07, 0.025256
7.181118e-07, 0.025172
7.183118e-07, 0.025923
7.185118e-07, 0.026868
7.187118e-07, 0.027674
7.189117e-07, 0.028535
7.191117e-07, 0.028980
7.193117e-07, 0.031148
7.195118e-07, 0.030426
7.197118e-07, 0.030981
7.199118e-07, 0.031899
7.201118e-07, 0.031593
7.203117e-07, 0.029981
7.205117e-07, 0.031454
7.207117e-07, 0.031343
7.209118e-07, 0.030342
7.211118e-07, 0.028591
7.213118e-07, 0.028841
7.215118e-07, 0.030954
7.217117e-07, 0.031371
7.219117e-07, 0.030259
7.221117e-07, 0.029731
7.223118e-07, 0.029203
7.225118e-07, 0.027757
7.227118e-07, 0.027952
7.229118e-07, 0.026840
7.231117e-07, 0.028285
7.233117e-07, 0.028452
7.235117e-07, 0.027340
7.237118e-07, 0.027813
7.239118e-07, 0.026367
7.241118e-07, 0.027729
7.243118e-07, 0.027007
7.245117e-07, 0.025951
7.247117e-07, 0.025839
7.249117e-07, 0.024199
7.251118e-07, 0.022726
7.253118e-07, 0.022143
7.255118e-07, 0.023171
7.257118e-07, 0.025561
7.259118e-07, 0.027312
7.261117e-07, 0.026451
7.263117e-07, 0.023866
7.265118e-07, 0.020197
7.267118e-07, 0.016556
7.269118e-07, 0.017445
7.271118e-07, 0.017362
7.273118e-07, 0.019308
7.275117e-07, 0.021003
7.277117e-07, 0.024839
7.279118e-07, 0.030954
7.281118e-07, 0.030426
7.283118e-07, 0.026479
7.285118e-07, 0.024422
7.287118e-07, 0.023699
7.289117e-07, 0.022309
7.291117e-07, 0.021059
7.293118e-07, 0.019558
7.295118e-07, 0.022004
7.297118e-07, 0.022059
7.299118e-07, 0.022143
7.301118e-07, 0.023171
7.303117e-07, 0.022810
7.305117e-07, 0.021253
7.307118e-07, 0.019030
7.309118e-07, 0.018974
7.311118e-07, 0.018974
7.313118e-07, 0.018974
7.315118e-07, 0.022282
7.317117e-07, 0.023060
7.319117e-07, 0.021198
7.321118e-07, 0.019252
7.323118e-07, 0.017112
7.325118e-07, 0.017529
7.327118e-07, 0.017056
7.329118e-07, 0.016973
7.331117e-07, 0.017223
7.333117e-07, 0.016806
7.335118e-07, 0.017251
7.337118e-07, 0.017140
7.339118e-07, 0.018613
7.341118e-07, 0.017973
7.343118e-07, 0.015666
7.345117e-07, 0.013888
7.347117e-07, 0.013554
7.349118e-07, 0.013776
7.351118e-07, 0.011525
7.353118e-07, 0.013220
7.355118e-07, 0.013999
7.357118e-07, 0.014582
7.359117e-07, 0.013943
7.361117e-07, 0.014110
7.363118e-07, 0.013554
7.365118e-07, 0.012998
7.367118e-07, 0.011997
7.369118e-07, 0.011636
7.371118e-07, 0.010802
7.373117e-07, 0.010163
7.375117e-07, 0.009524
7.377118e-07, 0.009941
7.379118e-07, 0.012887
7.381118e-07, 0.013220
7.383118e-07, 0.009829
7.385118e-07, 0.008579
7.387117e-07, 0.008384
7.389117e-07, 0.008329
7.391118e-07, 0.008023
7.393118e-07, 0.008495
7.395118e-07, 0.007912
7.397118e-07, 0.007634
7.399118e-07, 0.007050
7.401117e-07, 0.008356
7.403117e-07, 0.007689
7.405118e-07, 0.006105
7.407118e-07, 0.004854
7.409118e-07, 0.003298
7.411118e-07, 0.004048
7.413118e-07, 0.006439
7.415117e-07, 0.010191
7.417117e-07, 0.010747
7.419117e-07, 0.010052
7.421118e-07, 0.009468
7.423118e-07, 0.009663
7.425118e-07, 0.005883
7.427118e-07, 0.007550
7.429117e-07, 0.013248
7.431117e-07, 0.016028
7.433117e-07, 0.016723
7.435118e-07, 0.018446
7.437118e-07, 0.020280
7.439118e-07, 0.019447
7.441118e-07, 0.018057
7.443117e-07, 0.018557
7.445117e-07, 0.020002
7.447117e-07, 0.017279
7.449118e-07, 0.016472
7.451118e-07, 0.015944
7.453118e-07, 0.016834
7.455118e-07, 0.018057
7.457117e-07, 0.019141
7.459117e-07, 0.019419
7.461117e-07, 0.019891
7.463118e-07, 0.019697
7.465118e-07, 0.020280
7.467118e-07, 0.018279
7.469118e-07, 0.017612
7.471117e-07, 0.019474
7.473117e-07, 0.022810
7.475117e-07, 0.024338
7.477118e-07, 0.024616
7.479118e-07, 0.024366
7.481118e-07, 0.025478
7.483118e-07, 0.026256
7.485117e-07, 0.027257
7.487117e-07, 0.027229
7.489117e-07, 0.028174
7.491118e-07, 0.027785
7.493118e-07, 0.029314
7.495118e-07, 0.030148
7.497118e-07, 0.029786
7.499117e-07, 0.030009
7.501117e-07, 0.030259
7.503117e-07, 0.030259
7.505118e-07, 0.030509
7.507118e-07, 0.029286
7.509118e-07, 0.029064
7.511118e-07, 0.027535
7.513117e-07, 0.028174
7.515117e-07, 0.029508
7.517117e-07, 0.029675
7.519118e-07, 0.029619
7.521118e-07, 0.029314
7.523118e-07, 0.029091
7.525118e-07, 0.028341
7.527117e-07, 0.028035
7.529117e-07, 0.026951
7.531117e-07, 0.025812
7.533118e-07, 0.027062
7.535118e-07, 0.027479
7.537118e-07, 0.027146
7.539118e-07, 0.027368
7.541118e-07, 0.027396
7.543117e-07, 0.027674
7.545117e-07, 0.025617
7.547118e-07, 0.025589
7.549118e-07, 0.024950
7.551118e-07, 0.022365
7.553118e-07, 0.022476
7.555118e-07, 0.024255
7.557117e-07, 0.025617
7.559117e-07, 0.026062
7.561118e-07, 0.026590
7.563118e-07, 0.024894
7.565118e-07, 0.021253
7.567118e-07, 0.017723
7.569118e-07, 0.017001
7.571117e-07, 0.017390
7.573117e-07, 0.019030
7.575118e-07, 0.021476
7.577118e-07, 0.024533
7.579118e-07, 0.030148
7.581118e-07, 0.030148
7.583118e-07, 0.026784
7.585117e-07, 0.023088
7.587117e-07, 0.022949
7.589118e-07, 0.023004
7.591118e-07, 0.021170
7.593118e-07, 0.019085
7.595118e-07, 0.020308
7.597118e-07, 0.020808
7.599117e-07, 0.020836
7.601117e-07, 0.021253
7.603118e-07, 0.021837
7.605118e-07, 0.021142
7.607118e-07, 0.018557
7.609118e-07, 0.018918
7.611118e-07, 0.017779
7.613117e-07, 0.016445
7.615117e-07, 0.019947
7.617118e-07, 0.021003
7.619118e-07, 0.019641
7.621118e-07, 0.019586
7.623118e-07, 0.018474
7.625118e-07, 0.017584
7.627117e-07, 0.015917
7.629117e-07, 0.016361
7.631118e-07, 0.017001
7.633118e-07, 0.017001
7.635118e-07, 0.016417
7.637118e-07, 0.016167
7.639118e-07, 0.016917
7.641117e-07, 0.015527
7.643117e-07, 0.014193
7.645118e-07, 0.013498
7.647118e-07, 0.013721
7.649118e-07, 0.013193
7.651118e-07, 0.012720
7.653118e-07, 0.012970
7.655117e-07, 0.014193
7.657117e-07, 0.014555
7.659118e-07, 0.014860
7.661118e-07, 0.014944
7.663118e-07, 0.013471
7.665118e-07, 0.011859
7.667118e-07, 0.011664
7.669117e-07, 0.010246
7.671117e-07, 0.009190
7.673118e-07, 0.010719
7.675118e-07, 0.010135
7.677118e-07, 0.010219
7.679118e-07, 0.010636
7.681118e-07, 0.010886
7.683117e-07, 0.010608
7.685117e-07, 0.007689
7.687118e-07, 0.005744
7.689118e-07, 0.005994
7.691118e-07, 0.007689
7.693118e-07, 0.008162
7.695118e-07, 0.007022
7.697117e-07, 0.006216
7.699117e-07, 0.005994
7.701118e-07, 0.006466
7.703118e-07, 0.006272
7.705118e-07, 0.006327
7.707118e-07, 0.005577
7.709118e-07, 0.003631
7.711117e-07, 0.002603
7.713117e-07, 0.005771
7.715117e-07, 0.010913
7.717118e-07, 0.011191
7.719118e-07, 0.009663
7.721118e-07, 0.009301
7.723118e-07, 0.007828
7.725117e-07, 0.004409
7.727117e-07, 0.006605
7.729117e-07, 0.011497
7.731118e-07, 0.015277
7.733118e-07, 0.016611
7.735118e-07, 0.017167
7.737118e-07, 0.019586
7.739117e-07, 0.020364
7.741117e-07, 0.017612
7.743117e-07, 0.017640
7.745118e-07, 0.018946
7.747118e-07, 0.017306
7.749118e-07, 0.015889
7.751118e-07, 0.015416
7.753117e-07, 0.016222
7.755117e-07, 0.016889
7.757117e-07, 0.018390
7.759118e-07, 0.020308
7.761118e-07, 0.020808
7.763118e-07, 0.019780
7.765118e-07, 0.018085
7.767117e-07, 0.018029
7.769117e-07, 0.019558
7.771117e-07, 0.020030
7.773118e-07, 0.020920
7.775118e-07, 0.024005
7.777118e-07, 0.025256
7.779118e-07, 0.025228
7.781117e-07, 0.026701
7.783117e-07, 0.025895
7.785117e-07, 0.027424
7.787118e-07, 0.027674
7.789118e-07, 0.027090
7.791118e-07, 0.027563
7.793118e-07, 0.028869
7.795117e-07, 0.030426
7.797117e-07, 0.030759
7.799117e-07, 0.029842
7.801118e-07, 0.031371
7.803118e-07, 0.030981
7.805118e-07, 0.029286
7.807118e-07, 0.029703
7.809117e-07, 0.028119
7.811117e-07, 0.027285
7.813117e-07, 0.028563
7.815118e-07, 0.029564
7.817118e-07, 0.030592
7.819118e-07, 0.030064
7.821118e-07, 0.030426
7.823118e-07, 0.030648
7.825117e-07, 0.030009
7.827117e-07, 0.029981
7.829118e-07, 0.027674
7.831118e-07, 0.026645
7.833118e-07, 0.028091
7.835118e-07, 0.028341
7.837118e-07, 0.029953
7.839117e-07, 0.030481
7.841117e-07, 0.029064
7.843118e-07, 0.027729
7.845118e-07, 0.027451
7.847118e-07, 0.025700
7.849118e-07, 0.025395
7.851118e-07, 0.023310
7.853117e-07, 0.023505
7.855117e-07, 0.024644
7.857118e-07, 0.024700
7.859118e-07, 0.025172
7.861118e-07, 0.026451
7.863118e-07, 0.025645
7.865118e-07, 0.023477
7.867117e-07, 0.018640
7.869117e-07, 0.017334
7.871118e-07, 0.018529
7.873118e-07, 0.019669
7.875118e-07, 0.022087
7.877118e-07, 0.025144
7.879118e-07, 0.028925
7.881117e-07, 0.032538
7.883117e-07, 0.028786
7.885118e-07, 0.024394
7.887118e-07, 0.023922
7.889118e-07, 0.023449
7.891118e-07, 0.023115
7.893118e-07, 0.020864
7.895117e-07, 0.021559
7.897117e-07, 0.022838
7.899118e-07, 0.025144
7.901118e-07, 0.023727
7.903118e-07, 0.022476
7.905118e-07, 0.022031
7.907118e-07, 0.020114
7.909117e-07, 0.019419
7.911117e-07, 0.019057
7.913118e-07, 0.017695
7.915118e-07, 0.019947
7.917118e-07, 0.021392
7.919118e-07, 0.021003
7.921118e-07, 0.020725
7.923117e-07, 0.018557
7.925117e-07, 0.017223
7.927118e-07, 0.017334
7.929118e-07, 0.017834
7.931118e-07, 0.018085
7.933118e-07, 0.017556
7.935118e-07, 0.015694
7.937117e-07, 0.016250
7.939117e-07, 0.017529
7.941118e-07, 0.016306
7.943118e-07, 0.015583
7.945118e-07, 0.014582
7.947118e-07, 0.013665
7.949118e-07, 0.014193
7.951117e-07, 0.014582
7.953117e-07, 0.013999
7.955118e-07, 0.013109
7.957118e-07, 0.013693
7.959118e-07, 0.015639
7.961118e-07, 0.015889
7.963118e-07, 0.015778
7.965117e-07, 0.012831
7.967117e-07, 0.010775
7.969118e-07, 0.011275
7.971118e-07, 0.011164
7.973118e-07, 0.011386
7.975118e-07, 0.011942
7.977118e-07, 0.011803
7.979117e-07, 0.011859
7.981117e-07, 0.011692
7.983118e-07, 0.011747
7.985118e-07, 0.010246
7.987118e-07, 0.008412
7.989118e-07, 0.007856
7.991118e-07, 0.006716
7.993117e-07, 0.008051
7.995117e-07, 0.007634
7.997118e-07, 0.006911
7.999118e-07, 0.007078
8.001118e-07, 0.008106
8.003118e-07, 0.008134
8.005118e-07, 0.007689
8.007117e-07, 0.006188
8.009117e-07, 0.003603
8.011118e-07, 0.002408
8.013118e-07, 0.004048
8.015118e-07, 0.009746
8.017118e-07, 0.012665
8.019118e-07, 0.011497
8.021117e-07, 0.008773
8.023117e-07, 0.007384
8.025117e-07, 0.006633
8.027118e-07, 0.007467
8.029118e-07, 0.012025
8.031118e-07, 0.015833
8.033118e-07, 0.016167
8.035117e-07, 0.016028
8.037117e-07, 0.018251
8.039117e-07, 0.020531
8.041118e-07, 0.017946
8.043118e-07, 0.019113
8.045118e-07, 0.019363
8.047118e-07, 0.018752
8.049117e-07, 0.016028
8.051117e-07, 0.015722
8.053117e-07, 0.017362
8.055118e-07, 0.017612
8.057118e-07, 0.019113
8.059118e-07, 0.019280
8.061118e-07, 0.019863
8.063117e-07, 0.020642
8.065117e-07, 0.019891
8.067117e-07, 0.019863
8.069118e-07, 0.019085
8.071118e-07, 0.019558
8.073118e-07, 0.022838
8.075118e-07, 0.022587
8.077117e-07, 0.024533
8.079117e-07, 0.024505
8.081117e-07, 0.024755
8.083118e-07, 0.026284
8.085118e-07, 0.026951
8.087118e-07, 0.028786
8.089118e-07, 0.029397
8.091117e-07, 0.028230
8.093117e-07, 0.029619
8.095117e-07, 0.030842
8.097118e-07, 0.029897
8.099118e-07, 0.029842
8.101118e-07, 0.029230
8.103118e-07, 0.028925
8.105118e-07, 0.028702
8.107117e-07, 0.029925
8.109117e-07, 0.028980
8.111118e-07, 0.028258
8.113118e-07, 0.029314
8.115118e-07, 0.029286
8.117118e-07, 0.030036
8.119118e-07, 0.029091
8.121117e-07, 0.029536
8.123117e-07, 0.028758
8.125118e-07, 0.027924
8.127118e-07, 0.028535
8.129118e-07, 0.027340
8.131118e-07, 0.027757
8.133118e-07, 0.027507
8.135117e-07, 0.027174
8.137117e-07, 0.029147
8.139118e-07, 0.028341
8.141118e-07, 0.026701
8.143118e-07, 0.026729
8.145118e-07, 0.026201
8.147118e-07, 0.026840
8.149117e-07, 0.025339
8.151117e-07, 0.025506
8.153118e-07, 0.024394
8.155118e-07, 0.024116
8.157118e-07, 0.024978
8.159118e-07, 0.026673
8.161118e-07, 0.028563
8.163117e-07, 0.027007
8.165117e-07, 0.023949
8.167118e-07, 0.020086
8.169118e-07, 0.018140
8.171118e-07, 0.017140
8.173118e-07, 0.018335
8.175118e-07, 0.020253
8.177117e-07, 0.023338
8.179117e-07, 0.028174
8.181118e-07, 0.032983
8.183118e-07, 0.028702
8.185118e-07, 0.024366
8.187118e-07, 0.024755
8.189118e-07, 0.024561
8.191117e-07, 0.021781
8.193117e-07, 0.020336
8.195118e-07, 0.019002
8.197118e-07, 0.021754
8.199118e-07, 0.022448
8.201118e-07, 0.023032
8.203118e-07, 0.023755
8.205117e-07, 0.023783
8.207117e-07, 0.019975
8.209118e-07, 0.018668
8.211118e-07, 0.018613
8.213118e-07, 0.018752
8.215118e-07, 0.018835
8.217118e-07, 0.021142
8.219117e-07, 0.022365
8.221117e-07, 0.021309
8.223118e-07, 0.019141
8.225118e-07, 0.017390
8.227118e-07, 0.016584
8.229118e-07, 0.016445
8.231118e-07, 0.018029
8.233117e-07, 0.016445
8.235117e-07, 0.016167
8.237118e-07, 0.017390
8.239118e-07, 0.017223
8.241118e-07, 0.016556
8.243118e-07, 0.016611
8.245118e-07, 0.015250
8.247117e-07, 0.012887
8.249117e-07, 0.012915
8.251118e-07, 0.012692
8.253118e-07, 0.012998
8.255118e-07, 0.013304
8.257118e-07, 0.015027
8.259118e-07, 0.015694
8.261117e-07, 0.014582
8.263117e-07, 0.013359
8.265118e-07, 0.012303
8.267118e-07, 0.010274
8.269118e-07, 0.011164
8.271118e-07, 0.009941
8.273118e-07, 0.010219
8.275117e-07, 0.009274
8.277117e-07, 0.009357
8.279118e-07, 0.012081
8.281118e-07, 0.011747
8.283118e-07, 0.010941
8.285118e-07, 0.009385
8.287118e-07, 0.008023
8.289117e-07, 0.008551
8.291117e-07, 0.007078
8.293118e-07, 0.007467
8.295118e-07, 0.008134
8.297118e-07, 0.007439
8.299118e-07, 0.006855
8.301118e-07, 0.006105
8.303117e-07, 0.006577
8.305117e-07, 0.007161
8.307118e-07, 0.006244
8.309118e-07, 0.005021
8.311118e-07, 0.002380
8.313118e-07, 0.004354
8.315118e-07, 0.008801
8.317117e-07, 0.010663
8.319117e-07, 0.010552
8.321117e-07, 0.009524
8.323118e-07, 0.009357
8.325118e-07, 0.005104
8.327118e-07, 0.005188
8.329118e-07, 0.010747
8.331117e-07, 0.013610
8.333117e-07, 0.015222
8.335117e-07, 0.015527
8.337118e-07, 0.017473
8.339118e-07, 0.018807
8.341118e-07, 0.017112
8.343118e-07, 0.016639
8.345117e-07, 0.017890
8.347117e-07, 0.016917
8.349117e-07, 0.016806
8.351118e-07, 0.015805
8.353118e-07, 0.016167
8.355118e-07, 0.018085
8.357118e-07, 0.018529
8.359117e-07, 0.020086
8.361117e-07, 0.019057
8.363117e-07, 0.020169
8.365118e-07, 0.020169
8.367118e-07, 0.018196
8.369118e-07, 0.018335
8.371118e-07, 0.019363
8.373117e-07, 0.021670
8.375117e-07, 0.022337
8.377117e-07, 0.024005
8.379118e-07, 0.024505
8.381118e-07, 0.025561
8.383118e-07, 0.027007
8.385118e-07, 0.027312
8.387118e-07, 0.027813
8.389117e-07, 0.028230
8.391117e-07, 0.027702
8.393118e-07, 0.028869
8.395118e-07, 0.030731
8.397118e-07, 0.030787
8.399118e-07, 0.030759
8.401118e-07, 0.030759
8.403117e-07, 0.030648
8.405117e-07, 0.030592
8.407118e-07, 0.030787
8.409118e-07, 0.031120
8.411118e-07, 0.030120
8.413118e-07, 0.028897
8.415118e-07, 0.030175
8.417117e-07, 0.030787
8.419117e-07, 0.030453
8.421118e-07, 0.029397
8.423118e-07, 0.029314
8.425118e-07, 0.029175
8.427118e-07, 0.027841
8.429118e-07, 0.027340
8.431117e-07, 0.027396
8.433117e-07, 0.026896
8.435118e-07, 0.027868
8.437118e-07, 0.028007
8.439118e-07, 0.027368
8.441118e-07, 0.026812
8.443118e-07, 0.026534
8.445117e-07, 0.026034
8.447117e-07, 0.026256
8.449118e-07, 0.026284
8.451118e-07, 0.022976
8.453118e-07, 0.021142
8.455118e-07, 0.023004
8.457118e-07, 0.024366
8.459117e-07, 0.025450
8.461117e-07, 0.025033
8.463118e-07, 0.025006
8.465118e-07, 0.023783
8.467118e-07, 0.020336
8.469118e-07, 0.015194
8.471118e-07, 0.015694
8.473117e-07, 0.017334
8.475117e-07, 0.019947
8.477118e-07, 0.021615
8.479118e-07, 0.025867
8.481118e-07, 0.031343
8.483118e-07, 0.029758
8.485118e-07, 0.024589
8.487117e-07, 0.022782
8.489117e-07, 0.024255
8.491118e-07, 0.022587
8.493118e-07, 0.020808
8.495118e-07, 0.020725
8.497118e-07, 0.021809
8.499118e-07, 0.023393
8.501117e-07, 0.022865
8.503117e-07, 0.022504
8.505118e-07, 0.021114
8.507118e-07, 0.018724
8.509118e-07, 0.016611
8.511118e-07, 0.017195
8.513118e-07, 0.016056
8.515117e-07, 0.016667
8.517117e-07, 0.019252
8.519118e-07, 0.020975
8.521118e-07, 0.020670
8.523118e-07, 0.019530
8.525118e-07, 0.018557
8.527118e-07, 0.017251
8.529117e-07, 0.017056
8.531117e-07, 0.016889
8.533118e-07, 0.018446
8.535118e-07, 0.016278
8.537118e-07, 0.016278
8.539118e-07, 0.017362
8.541118e-07, 0.017251
8.543117e-07, 0.016000
8.545117e-07, 0.015138
8.547118e-07, 0.014443
8.549118e-07, 0.013471
8.551118e-07, 0.012192
8.553118e-07, 0.012109
8.555118e-07, 0.013554
8.557117e-07, 0.012720
8.559117e-07, 0.013554
8.561118e-07, 0.013693
8.563118e-07, 0.013498
8.565118e-07, 0.012359
8.567118e-07, 0.012220
8.569118e-07, 0.011052
8.571117e-07, 0.009468
8.573117e-07, 0.009329
8.575118e-07, 0.009524
8.577118e-07, 0.009440
8.579118e-07, 0.010274
8.581118e-07, 0.010608
8.583118e-07, 0.011303
8.585117e-07, 0.009829
8.587117e-07, 0.007800
8.589118e-07, 0.007245
8.591118e-07, 0.007495
8.593118e-07, 0.008662
8.595118e-07, 0.007606
8.597118e-07, 0.004576
8.599117e-07, 0.006494
8.601117e-07, 0.007495
8.603118e-07, 0.007967
8.605118e-07, 0.007022
8.607118e-07, 0.008078
8.609118e-07, 0.005271
8.611118e-07, 0.002964
8.613117e-07, 0.004882
8.615117e-07, 0.008078
8.617118e-07, 0.009440
8.619118e-07, 0.011414
8.621118e-07, 0.009718
8.623118e-07, 0.007828
8.625118e-07, 0.006633
8.627117e-07, 0.005577
8.629117e-07, 0.009802
8.631117e-07, 0.014304
8.633118e-07, 0.016334
8.635118e-07, 0.017084
8.637118e-07, 0.018224
8.639118e-07, 0.019196
8.641117e-07, 0.018251
8.643117e-07, 0.017612
8.645117e-07, 0.020114
8.647118e-07, 0.018696
8.649118e-07, 0.017028
8.651118e-07, 0.016723
8.653118e-07, 0.016889
8.655117e-07, 0.017501
8.657117e-07, 0.017668
8.659117e-07, 0.019141
8.661118e-07, 0.018779
8.663118e-07, 0.019502
8.665118e-07, 0.020114
8.667118e-07, 0.018279
8.669118e-07, 0.018001
8.671117e-07, 0.018390
8.673117e-07, 0.020614
8.675118e-07, 0.022421
8.677118e-07, 0.023755
8.679118e-07, 0.024255
8.681118e-07, 0.025673
8.683118e-07, 0.026534
8.685117e-07, 0.027924
8.687117e-07, 0.028285
8.689118e-07, 0.027952
8.691118e-07, 0.028535
8.693118e-07, 0.028952
8.695118e-07, 0.030898
8.697118e-07, 0.032232
8.699117e-07, 0.030926
8.701117e-07, 0.030703
8.703118e-07, 0.031315
8.705118e-07, 0.030453
8.707118e-07, 0.028869
8.709118e-07, 0.028758
8.711118e-07, 0.027479
8.713117e-07, 0.027174
8.715117e-07, 0.027868
8.717118e-07, 0.028397
8.719118e-07, 0.030398
8.721118e-07, 0.029870
8.723118e-07, 0.028563
8.725118e-07, 0.028202
8.727117e-07, 0.027118
8.729117e-07, 0.026757
8.731118e-07, 0.028146
8.733118e-07, 0.028758
8.735118e-07, 0.027646
8.737118e-07, 0.027868
8.739118e-07, 0.027674
8.741117e-07, 0.027563
8.743117e-07, 0.027924
8.745118e-07, 0.027007
8.747118e-07, 0.026062
8.749118e-07, 0.025534
8.751118e-07, 0.023171
8.753118e-07, 0.022699
8.755117e-07, 0.022393
8.757117e-07, 0.024728
8.759118e-07, 0.025422
8.761118e-07, 0.025256
8.763118e-07, 0.026367
8.765118e-07, 0.025033
8.767118e-07, 0.021059
8.769117e-07, 0.017501
8.771117e-07, 0.016334
8.773118e-07, 0.017556
8.775118e-07, 0.019780
8.777118e-07, 0.021503
8.779118e-07, 0.024477
8.781118e-07, 0.030370
8.783117e-07, 0.029953
8.785117e-07, 0.024672
8.787118e-07, 0.023449
8.789118e-07, 0.022921
8.791118e-07, 0.021781
8.793118e-07, 0.021615
8.795118e-07, 0.020642
8.797117e-07, 0.019391
8.799117e-07, 0.021503
8.801118e-07, 0.022309
8.803118e-07, 0.021086
8.805118e-07, 0.021142
8.807118e-07, 0.019502
8.809118e-07, 0.016889
8.811117e-07, 0.017584
8.813117e-07, 0.017668
8.815118e-07, 0.018974
8.817118e-07, 0.021476
8.819118e-07, 0.021587
8.821118e-07, 0.021420
8.823118e-07, 0.019641
8.825117e-07, 0.017612
8.827117e-07, 0.016250
8.829118e-07, 0.016167
8.831118e-07, 0.017001
8.833118e-07, 0.018168
8.835118e-07, 0.017028
8.837118e-07, 0.015666
8.839117e-07, 0.016111
8.841117e-07, 0.016167
8.843118e-07, 0.017362
8.845118e-07, 0.015583
8.847118e-07, 0.014638
8.849118e-07, 0.014138
8.851118e-07, 0.013693
8.853117e-07, 0.013749
8.855117e-07, 0.013304
8.857118e-07, 0.012943
8.859118e-07, 0.013999
8.861118e-07, 0.015416
8.863118e-07, 0.015639
8.865118e-07, 0.013888
8.867117e-07, 0.012720
8.869117e-07, 0.011358
8.871118e-07, 0.009274
8.873118e-07, 0.009301
8.875118e-07, 0.009691
8.877118e-07, 0.009524
8.879118e-07, 0.008857
8.881117e-07, 0.010385
8.883117e-07, 0.010441
8.885118e-07, 0.008523
8.887118e-07, 0.008829
8.889118e-07, 0.008023
8.891118e-07, 0.005855
8.893118e-07, 0.008912
8.895117e-07, 0.009746
8.897117e-07, 0.007523
8.899118e-07, 0.006661
8.901118e-07, 0.007050
8.903118e-07, 0.007133
8.905118e-07, 0.007550
8.907118e-07, 0.006188
8.909117e-07, 0.006411
8.911117e-07, 0.004132
8.913118e-07, 0.003576
8.915118e-07, 0.006800
8.917118e-07, 0.009996
8.919118e-07, 0.011247
8.921118e-07, 0.009663
8.923117e-07, 0.008857
8.925117e-07, 0.006911
8.927117e-07, 0.004104
8.929118e-07, 0.007022
8.931118e-07, 0.013165
8.933118e-07, 0.015889
8.935118e-07, 0.015083
8.937117e-07, 0.017862
8.939117e-07, 0.019085
8.941117e-07, 0.017251
8.943118e-07, 0.015388
8.945118e-07, 0.017973
8.947118e-07, 0.018835
8.949118e-07, 0.016584
8.951118e-07, 0.015111
8.953117e-07, 0.016250
8.955117e-07, 0.016973
8.957118e-07, 0.017973
8.959118e-07, 0.018891
8.961118e-07, 0.019558
8.963118e-07, 0.019641
8.965118e-07, 0.018474
8.967117e-07, 0.017918
8.969117e-07, 0.017946
8.971118e-07, 0.018613
8.973118e-07, 0.020892
8.975118e-07, 0.020947
8.977118e-07, 0.023032
8.979118e-07, 0.024672
8.981117e-07, 0.024561
8.983117e-07, 0.025283
8.985118e-07, 0.026534
8.987118e-07, 0.027285
8.989118e-07, 0.027174
8.991118e-07, 0.027618
8.993118e-07, 0.028897
8.995117e-07, 0.029369
8.997117e-07, 0.030259
8.999118e-07, 0.030898
9.001118e-07, 0.030787
9.003118e-07, 0.030203
9.005118e-07, 0.029369
9.007118e-07, 0.029592
9.009117e-07, 0.029481
9.011117e-07, 0.029731
9.013118e-07, 0.028480
9.015118e-07, 0.027257
9.017118e-07, 0.028758
9.019118e-07, 0.029564
9.021118e-07, 0.029786
9.023117e-07, 0.028535
9.025117e-07, 0.029203
9.027118e-07, 0.027285
9.029118e-07, 0.025784
9.031118e-07, 0.023755
9.033118e-07, 0.025895
9.035118e-07, 0.026451
9.037117e-07, 0.027146
9.039117e-07, 0.027868
9.041118e-07, 0.027118
9.043118e-07, 0.027980
9.045118e-07, 0.027312
9.047118e-07, 0.027201
9.049118e-07, 0.026757
9.051117e-07, 0.024839
9.053117e-07, 0.022643
9.055118e-07, 0.021920
9.057118e-07, 0.023505
9.059118e-07, 0.025256
9.061118e-07, 0.026590
9.063118e-07, 0.025478
9.065117e-07, 0.024700
9.067117e-07, 0.020586
9.069118e-07, 0.015944
9.071118e-07, 0.014888
9.073118e-07, 0.017251
9.075118e-07, 0.019335
9.077118e-07, 0.020531
9.079117e-07, 0.023810
9.081117e-07, 0.030648
9.083118e-07, 0.032288
9.085118e-07, 0.027674
9.087118e-07, 0.024922
9.089118e-07, 0.023254
9.091118e-07, 0.022448
9.093117e-07, 0.021281
9.095117e-07, 0.021003
9.097118e-07, 0.019780
9.099118e-07, 0.022476
9.101118e-07, 0.022560
9.103118e-07, 0.021253
9.105118e-07, 0.020725
9.107117e-07, 0.018891
9.109117e-07, 0.017779
9.111118e-07, 0.017918
9.113118e-07, 0.017668
9.115118e-07, 0.016611
9.117118e-07, 0.017946
9.119118e-07, 0.019363
9.121117e-07, 0.020280
9.123117e-07, 0.019891
9.125118e-07, 0.017418
9.127118e-07, 0.015472
9.129118e-07, 0.015138
9.131118e-07, 0.016723
9.133118e-07, 0.017306
9.135117e-07, 0.016306
9.137117e-07, 0.015361
9.139118e-07, 0.016889
9.141118e-07, 0.016000
9.143118e-07, 0.016000
9.145118e-07, 0.014638
9.147118e-07, 0.012665
9.149117e-07, 0.012748
9.151117e-07, 0.012943
9.153118e-07, 0.012359
9.155118e-07, 0.013109
9.157118e-07, 0.012887
9.159118e-07, 0.014388
9.161118e-07, 0.014888
9.163117e-07, 0.014471
9.165117e-07, 0.013248
9.167118e-07, 0.011942
9.169118e-07, 0.011497
9.171118e-07, 0.009746
9.173118e-07, 0.009385
9.175118e-07, 0.010274
9.177117e-07, 0.011191
9.179117e-07, 0.010886
9.181118e-07, 0.011553
9.183118e-07, 0.011469
9.185118e-07, 0.010858
9.187118e-07, 0.008884
9.189118e-07, 0.006439
9.191117e-07, 0.006967
9.193117e-07, 0.007606
9.195118e-07, 0.007189
9.197118e-07, 0.007439
9.199118e-07, 0.005688
9.201118e-07, 0.005994
9.203118e-07, 0.006355
9.205117e-07, 0.007272
9.207117e-07, 0.006828
9.209118e-07, 0.005910
9.211118e-07, 0.003520
9.213118e-07, 0.003381
9.215118e-07, 0.006466
9.217118e-07, 0.009885
9.219117e-07, 0.010858
9.221117e-07, 0.010135
9.223118e-07, 0.009246
9.225118e-07, 0.007467
9.227118e-07, 0.004965
9.229118e-07, 0.006633
9.231118e-07, 0.011414
9.233118e-07, 0.014749
9.235117e-07, 0.014860
9.237117e-07, 0.016778
9.239118e-07, 0.019975
9.241118e-07, 0.019141
9.243118e-07, 0.016973
9.245118e-07, 0.018474
9.247118e-07, 0.019363
9.249117e-07, 0.016611
9.251117e-07, 0.015639
9.253118e-07, 0.016222
9.255118e-07, 0.016584
9.257118e-07, 0.018112
9.259118e-07, 0.019141
9.261118e-07, 0.019419
9.263117e-07, 0.020280
9.265117e-07, 0.020614
9.267118e-07, 0.018446
9.269118e-07, 0.017362
9.271118e-07, 0.017390
9.273118e-07, 0.018279
9.275118e-07, 0.022143
9.277117e-07, 0.023894
9.279117e-07, 0.023449
9.281118e-07, 0.024672
9.283118e-07, 0.026117
9.285118e-07, 0.025589
9.287118e-07, 0.028007
9.289118e-07, 0.027841
9.291117e-07, 0.027980
9.293117e-07, 0.028702
9.295118e-07, 0.030203
9.297118e-07, 0.029897
9.299118e-07, 0.029286
9.301118e-07, 0.029758
9.303118e-07, 0.030009
9.305118e-07, 0.029981
9.307118e-07, 0.028480
9.309118e-07, 0.028619
9.311117e-07, 0.028424
9.313117e-07, 0.028952
9.315117e-07, 0.028508
9.317117e-07, 0.029397
9.319117e-07, 0.029258
9.321117e-07, 0.029814
9.323118e-07, 0.029592
9.325118e-07, 0.029453
9.327118e-07, 0.028702
9.329118e-07, 0.027479
9.331118e-07, 0.026979
9.333118e-07, 0.027674
9.335118e-07, 0.027896
9.337118e-07, 0.027896
9.339117e-07, 0.028258
9.341117e-07, 0.027813
9.343117e-07, 0.025756
9.345117e-07, 0.024644
9.347117e-07, 0.025395
9.349117e-07, 0.026534
9.351118e-07, 0.024950
9.353118e-07, 0.024255
9.355118e-07, 0.022421
9.357118e-07, 0.023143
9.359118e-07, 0.025645
9.361118e-07, 0.026645
9.363118e-07, 0.026173
9.365118e-07, 0.024922
9.367117e-07, 0.022226
9.369117e-07, 0.018390
9.371117e-07, 0.016222
9.373117e-07, 0.016806
9.375117e-07, 0.018779
9.377117e-07, 0.020892
9.379118e-07, 0.023421
9.381118e-07, 0.028285
9.383118e-07, 0.031621
9.385118e-07, 0.028258
9.387118e-07, 0.024422
9.389118e-07, 0.023783
9.391118e-07, 0.022309
9.393118e-07, 0.021726
9.395118e-07, 0.020642
9.397117e-07, 0.020253
9.399117e-07, 0.022865
9.401117e-07, 0.022754
9.403117e-07, 0.021698
9.405117e-07, 0.021698
9.407118e-07, 0.021198
9.409118e-07, 0.020225
9.411118e-07, 0.018668
9.413118e-07, 0.017445
9.415118e-07, 0.016000
9.417118e-07, 0.018446
9.419118e-07, 0.020141
9.421118e-07, 0.021420
9.423118e-07, 0.020642
9.425117e-07, 0.018168
9.427117e-07, 0.015583
9.429117e-07, 0.015194
9.431117e-07, 0.015222
9.433117e-07, 0.016889
9.435118e-07, 0.017112
9.437118e-07, 0.017362
9.439118e-07, 0.017640
9.441118e-07, 0.016139
9.443118e-07, 0.016111
9.445118e-07, 0.016695
9.447118e-07, 0.015472
9.449118e-07, 0.015055
9.451118e-07, 0.013943
9.453117e-07, 0.013193
9.455117e-07, 0.014416
9.457117e-07, 0.014082
9.459117e-07, 0.014555
9.461117e-07, 0.015527
9.463118e-07, 0.016056
9.465118e-07, 0.015194
9.467118e-07, 0.013471
9.469118e-07, 0.011970
9.471118e-07, 0.010441
9.473118e-07, 0.011275
9.475118e-07, 0.011692
9.477118e-07, 0.009829
9.479118e-07, 0.009941
9.481117e-07, 0.011859
9.483117e-07, 0.011914
9.485117e-07, 0.010274
9.487117e-07, 0.009079
9.489117e-07, 0.008134
9.491118e-07, 0.007856
9.493118e-07, 0.007578
9.495118e-07, 0.008662
9.497118e-07, 0.007773
9.499118e-07, 0.007217
9.501118e-07, 0.007773
9.503118e-07, 0.007411
9.505118e-07, 0.008412
9.507118e-07, 0.007745
9.509117e-07, 0.006216
9.511117e-07, 0.004493
9.513117e-07, 0.003603
9.515117e-07, 0.006133
9.517117e-07, 0.010191
9.519118e-07, 0.009968
9.521118e-07, 0.009524
9.523118e-07, 0.009246
9.525118e-07, 0.009746
9.527118e-07, 0.008190
9.529118e-07, 0.007689
9.531118e-07, 0.010802
9.533118e-07, 0.014777
9.535118e-07, 0.015138
9.537117e-07, 0.017473
9.539117e-07, 0.019724
9.541117e-07, 0.018613
9.543117e-07, 0.016945
9.545117e-07, 0.017751
9.547117e-07, 0.018807
9.549118e-07, 0.018279
9.551118e-07, 0.015861
9.553118e-07, 0.015055
9.555118e-07, 0.015222
9.557118e-07, 0.016028
9.559118e-07, 0.019196
9.561118e-07, 0.020030
9.563118e-07, 0.019669
9.565117e-07, 0.019724
9.567117e-07, 0.019002
9.569117e-07, 0.017334
9.571117e-07, 0.018696
9.573117e-07, 0.019975
9.575117e-07, 0.019891
9.577118e-07, 0.023143
9.579118e-07, 0.024728
9.581118e-07, 0.025395
9.583118e-07, 0.025756
9.585118e-07, 0.026896
9.587118e-07, 0.028647
9.589118e-07, 0.027035
9.591118e-07, 0.026173
9.593117e-07, 0.027396
9.595117e-07, 0.029175
9.597117e-07, 0.030981
9.599117e-07, 0.032177
9.601117e-07, 0.031732
9.603117e-07, 0.031621
9.605118e-07, 0.030898
9.607118e-07, 0.030120
9.609118e-07, 0.030565
9.611118e-07, 0.029064
9.613118e-07, 0.029286
9.615118e-07, 0.027813
9.617118e-07, 0.028786
9.619118e-07, 0.030620
9.621117e-07, 0.031760
9.623117e-07, 0.030370
9.625117e-07, 0.029091
9.627117e-07, 0.028369
9.629117e-07, 0.028091
9.631117e-07, 0.026979
9.633118e-07, 0.026757
9.635118e-07, 0.026312
9.637118e-07, 0.026451
9.639118e-07, 0.028786
9.641118e-07, 0.028397
9.643118e-07, 0.027424
9.645118e-07, 0.026618
9.647118e-07, 0.025978
9.649117e-07, 0.025395
9.651117e-07, 0.025478
9.653117e-07, 0.024422
9.655117e-07, 0.023671
9.657117e-07, 0.024867
9.659117e-07, 0.024394
9.661118e-07, 0.026201
9.663118e-07, 0.026534
9.665118e-07, 0.025756
9.667118e-07, 0.023338
9.669118e-07, 0.019891
9.671118e-07, 0.016111
9.673118e-07, 0.017195
9.675118e-07, 0.017973
9.677118e-07, 0.020253
9.679117e-07, 0.023310
9.681117e-07, 0.028063
9.683117e-07, 0.032232
9.685117e-07, 0.029008
9.687117e-07, 0.023977
9.689118e-07, 0.022754
9.691118e-07, 0.022282
9.693118e-07, 0.022004
9.695118e-07, 0.020670
9.697118e-07, 0.019780
9.699118e-07, 0.022143
9.701118e-07, 0.023032
9.703118e-07, 0.022393
9.705118e-07, 0.022587
9.707117e-07, 0.020392
9.709117e-07, 0.017584
9.711117e-07, 0.015527
9.713117e-07, 0.016056
9.715117e-07, 0.016778
9.717118e-07, 0.018196
9.719118e-07, 0.020114
9.721118e-07, 0.019947
9.723118e-07, 0.019558
9.725118e-07, 0.018724
9.727118e-07, 0.016695
9.729118e-07, 0.015778
9.731118e-07, 0.017834
9.733118e-07, 0.015861
9.735117e-07, 0.015611
9.737117e-07, 0.016222
9.739117e-07, 0.016750
9.741117e-07, 0.017890
9.743117e-07, 0.017445
9.745118e-07, 0.015083
9.747118e-07, 0.014277
9.749118e-07, 0.013415
9.751118e-07, 0.013054
9.753118e-07, 0.011886
9.755118e-07, 0.013026
9.757118e-07, 0.013054
9.759118e-07, 0.013054
9.761118e-07, 0.014193
9.763117e-07, 0.014304
9.765117e-07, 0.013915
9.767117e-07, 0.011914
9.769117e-07, 0.011025
