-2.348825e-08, 0.021086
-2.328825e-08, 0.024033
-2.308825e-08, 0.029119
-2.288825e-08, 0.032816
-2.268825e-08, 0.027924
-2.248825e-08, 0.023227
-2.228825e-08, 0.023393
-2.208825e-08, 0.023477
-2.188825e-08, 0.021281
-2.168825e-08, 0.019669
-2.148825e-08, 0.020475
-2.128825e-08, 0.022309
-2.108825e-08, 0.023060
-2.088825e-08, 0.023588
-2.068825e-08, 0.022282
-2.048825e-08, 0.020308
-2.028825e-08, 0.018085
-2.008825e-08, 0.018446
-1.988825e-08, 0.016889
-1.968825e-08, 0.016222
-1.948825e-08, 0.018668
-1.928825e-08, 0.020447
-1.908825e-08, 0.021086
-1.888825e-08, 0.020225
-1.868825e-08, 0.019474
-1.848825e-08, 0.018057
-1.828825e-08, 0.017140
-1.808825e-08, 0.017723
-1.788825e-08, 0.017195
-1.768825e-08, 0.016945
-1.748825e-08, 0.016945
-1.728825e-08, 0.016139
-1.708825e-08, 0.016889
-1.688825e-08, 0.018001
-1.668825e-08, 0.016445
-1.648825e-08, 0.015527
-1.628825e-08, 0.014249
-1.608825e-08, 0.014721
-1.588825e-08, 0.015222
-1.568825e-08, 0.012970
-1.548825e-08, 0.013359
-1.528825e-08, 0.014054
-1.508825e-08, 0.015666
-1.488825e-08, 0.016806
-1.468825e-08, 0.013776
-1.448825e-08, 0.013610
-1.428825e-08, 0.011859
-1.408825e-08, 0.010719
-1.388825e-08, 0.010691
-1.368825e-08, 0.010802
-1.348825e-08, 0.010052
-1.328825e-08, 0.011664
-1.308825e-08, 0.011747
-1.288825e-08, 0.010747
-1.268825e-08, 0.009996
-1.248825e-08, 0.009135
-1.228825e-08, 0.007133
-1.208825e-08, 0.006439
-1.188825e-08, 0.007939
-1.168825e-08, 0.009357
-1.148825e-08, 0.008551
-1.128825e-08, 0.008384
-1.108825e-08, 0.006716
-1.088825e-08, 0.007606
-1.068825e-08, 0.008051
-1.048825e-08, 0.007550
-1.028825e-08, 0.006355
-1.008825e-08, 0.002853
-9.888250e-09, 0.003131
-9.688250e-09, 0.006383
-9.488250e-09, 0.010358
-9.288250e-09, 0.010802
-9.088250e-09, 0.010524
-8.888250e-09, 0.009802
-8.688250e-09, 0.008495
-8.488250e-09, 0.005410
-8.288250e-09, 0.006661
-8.088250e-09, 0.013276
-7.888250e-09, 0.016056
-7.688250e-09, 0.016417
-7.488250e-09, 0.017334
-7.288250e-09, 0.020336
-7.088250e-09, 0.020892
-6.888250e-09, 0.018724
-6.688250e-09, 0.019641
-6.488250e-09, 0.019002
-6.288250e-09, 0.015861
-6.088250e-09, 0.016250
-5.888250e-09, 0.017251
-5.688250e-09, 0.019224
-5.488250e-09, 0.020169
-5.288250e-09, 0.021920
-5.088250e-09, 0.022254
-4.888250e-09, 0.022226
-4.688250e-09, 0.020920
-4.488250e-09, 0.018696
-4.288250e-09, 0.018418
-4.088250e-09, 0.019780
-3.888250e-09, 0.021781
-3.688250e-09, 0.022949
-3.488250e-09, 0.022976
-3.288250e-09, 0.024005
-3.088250e-09, 0.023421
-2.888250e-09, 0.026034
-2.688250e-09, 0.029592
-2.488250e-09, 0.030231
-2.288250e-09, 0.030287
-2.088250e-09, 0.028563
-1.888250e-09, 0.027479
-1.688250e-09, 0.030481
-1.488250e-09, 0.032733
-1.288250e-09, 0.033427
-1.088250e-09, 0.032649
-8.882500e-10, 0.034011
-6.882500e-10, 0.035846
-4.882500e-10, 0.034984
-2.882500e-10, 0.029258
-8.825000e-11, 0.024533
1.117500e-10, 0.025422
3.117500e-10, 0.028563
5.117500e-10, 0.031537
7.117500e-10, 0.033817
9.117500e-10, 0.033844
1.111750e-09, 0.032093
1.311750e-09, 0.030036
1.511750e-09, 0.027146
1.711750e-09, 0.026367
1.911750e-09, 0.026228
2.111750e-09, 0.026979
2.311750e-09, 0.028146
2.511750e-09, 0.030203
2.711750e-09, 0.031537
2.911750e-09, 0.029870
3.111750e-09, 0.028091
3.311750e-09, 0.027035
3.511750e-09, 0.026534
3.711750e-09, 0.024839
3.911750e-09, 0.023477
4.111750e-09, 0.021754
4.311750e-09, 0.021503
4.511750e-09, 0.022476
4.711750e-09, 0.025923
4.911750e-09, 0.026757
5.111750e-09, 0.025673
5.311750e-09, 0.024422
5.511750e-09, 0.019530
5.711750e-09, 0.014555
5.911750e-09, 0.014221
6.111750e-09, 0.017529
6.311750e-09, 0.020642
6.511750e-09, 0.023477
6.711750e-09, 0.027424
6.911750e-09, 0.033566
7.111750e-09, 0.034928
7.311750e-09, 0.029230
7.511750e-09, 0.027424
7.711750e-09, 0.028786
7.911750e-09, 0.029064
8.111750e-09, 0.028146
8.311750e-09, 0.028424
8.511750e-09, 0.027868
8.711750e-09, 0.028424
8.911750e-09, 0.027340
9.111750e-09, 0.026479
9.311750e-09, 0.027424
9.511750e-09, 0.026117
9.711750e-09, 0.022699
9.911750e-09, 0.021892
1.011175e-08, 0.021615
1.031175e-08, 0.021281
1.051175e-08, 0.022421
1.071175e-08, 0.024783
1.091175e-08, 0.024700
1.111175e-08, 0.021837
1.131175e-08, 0.019724
1.151175e-08, 0.017056
1.171175e-08, 0.015694
1.191175e-08, 0.014499
1.211175e-08, 0.014527
1.231175e-08, 0.014555
1.251175e-08, 0.014805
1.271175e-08, 0.015333
1.291175e-08, 0.015222
1.311175e-08, 0.014027
1.331175e-08, 0.012387
1.351175e-08, 0.011275
1.371175e-08, 0.009663
1.391175e-08, 0.009496
1.411175e-08, 0.010163
1.431175e-08, 0.009691
1.451175e-08, 0.009607
1.471175e-08, 0.008634
1.491175e-08, 0.006855
1.511175e-08, 0.005632
1.531175e-08, 0.004382
1.551175e-08, 0.004132
1.571175e-08, 0.002575
1.591175e-08, 0.001380
1.611175e-08, 0.001686
1.631175e-08, 0.002103
1.651175e-08, 0.002436
1.671175e-08, 0.004799
1.691175e-08, 0.006577
1.711175e-08, 0.007300
1.731175e-08, 0.006077
1.751175e-08, 0.004632
1.771175e-08, 0.004326
1.791175e-08, 0.004799
1.811175e-08, 0.007245
1.831175e-08, 0.007245
1.851175e-08, 0.006188
1.871175e-08, 0.007272
1.891175e-08, 0.006967
1.911175e-08, 0.008384
1.931175e-08, 0.008718
1.951175e-08, 0.008134
1.971175e-08, 0.007189
1.991175e-08, 0.005188
2.011175e-08, 0.006522
2.031175e-08, 0.008662
2.051175e-08, 0.013832
2.071175e-08, 0.013554
2.091175e-08, 0.011553
2.111175e-08, 0.010997
2.131175e-08, 0.009885
2.151175e-08, 0.007495
2.171175e-08, 0.008968
2.191175e-08, 0.013693
2.211175e-08, 0.017918
2.231175e-08, 0.019669
2.251175e-08, 0.022365
2.271175e-08, 0.024755
2.291175e-08, 0.024144
2.311175e-08, 0.022004
2.331175e-08, 0.023449
2.351175e-08, 0.026173
2.371175e-08, 0.024338
2.391175e-08, 0.022448
2.411175e-08, 0.022643
2.431175e-08, 0.022393
2.451175e-08, 0.023449
2.471175e-08, 0.024144
2.491175e-08, 0.023115
2.511175e-08, 0.023560
2.531175e-08, 0.022865
2.551175e-08, 0.021114
2.571175e-08, 0.019335
2.591175e-08, 0.020336
2.611175e-08, 0.023088
2.631175e-08, 0.024950
2.651175e-08, 0.028007
2.671175e-08, 0.028397
2.691175e-08, 0.029091
2.711175e-08, 0.029731
2.731175e-08, 0.029536
2.751175e-08, 0.030064
2.771175e-08, 0.029564
2.791175e-08, 0.030537
2.811175e-08, 0.031065
2.831175e-08, 0.030648
2.851175e-08, 0.031871
2.871175e-08, 0.032705
2.891175e-08, 0.030981
2.911175e-08, 0.031009
2.931175e-08, 0.031787
2.951175e-08, 0.032927
2.971175e-08, 0.030842
2.991175e-08, 0.029175
3.011175e-08, 0.029119
3.031175e-08, 0.029425
3.051175e-08, 0.029981
3.071175e-08, 0.030453
3.091175e-08, 0.030815
3.111175e-08, 0.029953
3.131175e-08, 0.028591
3.151175e-08, 0.029147
3.171175e-08, 0.027563
3.191175e-08, 0.025839
3.211175e-08, 0.025895
3.231175e-08, 0.025311
3.251175e-08, 0.027507
3.271175e-08, 0.024116
3.291175e-08, 0.027062
3.311175e-08, 0.025728
3.331175e-08, 0.024366
3.351175e-08, 0.024644
3.371175e-08, 0.023143
3.391175e-08, 0.022059
3.411175e-08, 0.020030
3.431175e-08, 0.017890
3.451175e-08, 0.021476
3.471175e-08, 0.021114
3.491175e-08, 0.023227
3.511175e-08, 0.025450
3.531175e-08, 0.021420
3.551175e-08, 0.021364
3.571175e-08, 0.017445
3.591175e-08, 0.013749
3.611175e-08, 0.016667
3.631175e-08, 0.018529
3.651175e-08, 0.019919
3.671175e-08, 0.023227
3.691175e-08, 0.028063
3.711175e-08, 0.034372
3.731175e-08, 0.031787
3.751175e-08, 0.026256
3.771175e-08, 0.027090
3.791175e-08, 0.027312
3.811175e-08, 0.025700
3.831175e-08, 0.023616
3.851175e-08, 0.023560
3.871175e-08, 0.026090
3.891175e-08, 0.026034
3.911175e-08, 0.024922
3.931175e-08, 0.024811
3.951175e-08, 0.024366
3.971175e-08, 0.020947
3.991175e-08, 0.019724
4.011175e-08, 0.020197
4.031175e-08, 0.019085
4.051175e-08, 0.019363
4.071175e-08, 0.021892
4.091175e-08, 0.022087
4.111175e-08, 0.021726
4.131175e-08, 0.019308
4.151175e-08, 0.017334
4.171175e-08, 0.016445
4.191175e-08, 0.015639
4.211175e-08, 0.016834
4.231175e-08, 0.015500
4.251175e-08, 0.015639
4.271175e-08, 0.015694
4.291175e-08, 0.015305
4.311175e-08, 0.016667
4.331175e-08, 0.015472
4.351175e-08, 0.014388
4.371175e-08, 0.012776
4.391175e-08, 0.011831
4.411175e-08, 0.011275
4.431175e-08, 0.010330
4.451175e-08, 0.009802
4.471175e-08, 0.010608
4.491175e-08, 0.011775
4.511175e-08, 0.011386
4.531175e-08, 0.011636
4.551175e-08, 0.010663
4.571175e-08, 0.007773
4.591175e-08, 0.007217
4.611175e-08, 0.007689
4.631175e-08, 0.007384
4.651175e-08, 0.007661
4.671175e-08, 0.009079
4.691175e-08, 0.009913
4.711175e-08, 0.010913
4.731175e-08, 0.010719
4.751175e-08, 0.010469
4.771175e-08, 0.008884
4.791175e-08, 0.008857
4.811175e-08, 0.010135
4.831175e-08, 0.010941
4.851175e-08, 0.009162
4.871175e-08, 0.008440
4.891175e-08, 0.007717
4.911175e-08, 0.006939
4.931175e-08, 0.007578
4.951175e-08, 0.008829
4.971175e-08, 0.007495
4.991175e-08, 0.006077
5.011175e-08, 0.006216
5.031175e-08, 0.008634
5.051175e-08, 0.011497
5.071175e-08, 0.013415
5.091175e-08, 0.013415
5.111175e-08, 0.013332
5.131175e-08, 0.011442
5.151175e-08, 0.009718
5.171175e-08, 0.007995
5.191175e-08, 0.011803
5.211175e-08, 0.017140
5.231175e-08, 0.019697
5.251175e-08, 0.019169
5.271175e-08, 0.021531
5.291175e-08, 0.021754
5.311175e-08, 0.020225
5.331175e-08, 0.019613
5.351175e-08, 0.020169
5.371175e-08, 0.020030
5.391175e-08, 0.018057
5.411175e-08, 0.017418
5.431175e-08, 0.018001
5.451175e-08, 0.019502
5.471175e-08, 0.020614
5.491175e-08, 0.021448
5.511175e-08, 0.023254
5.531175e-08, 0.021309
5.551175e-08, 0.020308
5.571175e-08, 0.018474
5.591175e-08, 0.018502
5.611175e-08, 0.021086
5.631175e-08, 0.021976
5.651175e-08, 0.024088
5.671175e-08, 0.024922
5.691175e-08, 0.024033
5.711175e-08, 0.024755
5.731175e-08, 0.025700
5.751175e-08, 0.027229
5.771175e-08, 0.025700
5.791175e-08, 0.027035
5.811175e-08, 0.027702
5.831175e-08, 0.028285
5.851175e-08, 0.028813
5.871175e-08, 0.027757
5.891175e-08, 0.028007
5.911175e-08, 0.027924
5.931175e-08, 0.027813
5.951175e-08, 0.028091
5.971175e-08, 0.028341
5.991175e-08, 0.027368
6.011175e-08, 0.025033
6.031175e-08, 0.025339
6.051175e-08, 0.027896
6.071175e-08, 0.028591
6.091175e-08, 0.029119
6.111175e-08, 0.027396
6.131175e-08, 0.027285
6.151175e-08, 0.027841
6.171175e-08, 0.026451
6.191175e-08, 0.026506
6.211175e-08, 0.027090
6.231175e-08, 0.027062
6.251175e-08, 0.028452
6.271175e-08, 0.029230
6.291175e-08, 0.029453
6.311175e-08, 0.028869
6.331175e-08, 0.028369
6.351175e-08, 0.027590
6.371175e-08, 0.027285
6.391175e-08, 0.026784
6.411175e-08, 0.025589
6.431175e-08, 0.024894
6.451175e-08, 0.023866
6.471175e-08, 0.024783
6.491175e-08, 0.027007
6.511175e-08, 0.029258
6.531175e-08, 0.027312
6.551175e-08, 0.024311
6.571175e-08, 0.020086
6.591175e-08, 0.018279
6.611175e-08, 0.017779
6.631175e-08, 0.019002
6.651175e-08, 0.021587
6.671175e-08, 0.024311
6.691175e-08, 0.029230
6.711175e-08, 0.033789
6.731175e-08, 0.030620
6.751175e-08, 0.027646
6.771175e-08, 0.026062
6.791175e-08, 0.024783
6.811175e-08, 0.023199
6.831175e-08, 0.022059
6.851175e-08, 0.021114
6.871175e-08, 0.023310
6.891175e-08, 0.024811
6.911175e-08, 0.024894
6.931175e-08, 0.023866
6.951175e-08, 0.024839
6.971175e-08, 0.020253
6.991175e-08, 0.018891
7.011175e-08, 0.020225
7.031175e-08, 0.018251
7.051175e-08, 0.017973
7.071175e-08, 0.020086
7.091175e-08, 0.021476
7.111175e-08, 0.021948
7.131175e-08, 0.018724
7.151175e-08, 0.016723
7.171175e-08, 0.016750
7.191175e-08, 0.015444
7.211175e-08, 0.014999
7.231175e-08, 0.015250
7.251175e-08, 0.015889
7.271175e-08, 0.015583
7.291175e-08, 0.015694
7.311175e-08, 0.014082
7.331175e-08, 0.012859
7.351175e-08, 0.012887
7.371175e-08, 0.012804
7.391175e-08, 0.012303
7.411175e-08, 0.011997
7.431175e-08, 0.011164
7.451175e-08, 0.011108
7.471175e-08, 0.012387
7.491175e-08, 0.014193
7.511175e-08, 0.014555
7.531175e-08, 0.012692
7.551175e-08, 0.011886
7.571175e-08, 0.009218
7.591175e-08, 0.010608
7.611175e-08, 0.010469
7.631175e-08, 0.009385
7.651175e-08, 0.010441
7.671175e-08, 0.009885
7.691175e-08, 0.011219
7.711175e-08, 0.011803
7.731175e-08, 0.011164
7.751175e-08, 0.009663
7.771175e-08, 0.008273
7.791175e-08, 0.007495
7.811175e-08, 0.008023
7.831175e-08, 0.009329
7.851175e-08, 0.009496
7.871175e-08, 0.008301
7.891175e-08, 0.008051
7.911175e-08, 0.008968
7.931175e-08, 0.009301
7.951175e-08, 0.009385
7.971175e-08, 0.007300
7.991175e-08, 0.005799
8.011175e-08, 0.003492
8.031175e-08, 0.005327
8.051175e-08, 0.010552
8.071175e-08, 0.013137
8.091175e-08, 0.012692
8.111175e-08, 0.011914
8.131175e-08, 0.010747
8.151175e-08, 0.008829
8.171175e-08, 0.006716
8.191175e-08, 0.009913
8.211175e-08, 0.014388
8.231175e-08, 0.016028
8.251175e-08, 0.017056
8.271175e-08, 0.017834
8.291175e-08, 0.020670
8.311175e-08, 0.019030
8.331175e-08, 0.016973
8.351175e-08, 0.018057
8.371175e-08, 0.017946
8.391175e-08, 0.015277
8.411175e-08, 0.014694
8.431175e-08, 0.016056
8.451175e-08, 0.018251
8.471175e-08, 0.019363
8.491175e-08, 0.020586
8.511175e-08, 0.022059
8.531175e-08, 0.021587
8.551175e-08, 0.020253
8.571175e-08, 0.019891
8.591175e-08, 0.019975
8.611175e-08, 0.021781
8.631175e-08, 0.022810
8.651175e-08, 0.025756
8.671175e-08, 0.028563
8.691175e-08, 0.028980
8.711175e-08, 0.030453
8.731175e-08, 0.031232
8.751175e-08, 0.032705
8.771175e-08, 0.032177
8.791175e-08, 0.032288
8.811175e-08, 0.033622
8.831175e-08, 0.036207
8.851175e-08, 0.038319
8.871175e-08, 0.037069
8.891175e-08, 0.038014
8.911175e-08, 0.038653
8.931175e-08, 0.036985
8.951175e-08, 0.036735
8.971175e-08, 0.036930
8.991175e-08, 0.035651
9.011175e-08, 0.034067
9.031175e-08, 0.034039
9.051175e-08, 0.036123
9.071175e-08, 0.035401
9.091175e-08, 0.034928
9.111175e-08, 0.035290
9.131175e-08, 0.035234
9.151175e-08, 0.035345
9.171175e-08, 0.032983
9.191175e-08, 0.031537
9.211175e-08, 0.030759
9.231175e-08, 0.030287
9.251175e-08, 0.031426
9.271175e-08, 0.031649
9.291175e-08, 0.030509
9.311175e-08, 0.030120
9.331175e-08, 0.029981
9.351175e-08, 0.029425
9.371175e-08, 0.027090
9.391175e-08, 0.027229
9.411175e-08, 0.026618
9.431175e-08, 0.024644
9.451175e-08, 0.024950
9.471175e-08, 0.025033
9.491175e-08, 0.027201
9.511175e-08, 0.028035
9.531175e-08, 0.027396
9.551175e-08, 0.026034
9.571175e-08, 0.020670
9.591175e-08, 0.016889
9.611175e-08, 0.018224
9.631175e-08, 0.019502
9.651175e-08, 0.020614
9.671175e-08, 0.022254
9.691175e-08, 0.026173
9.711175e-08, 0.030620
9.731175e-08, 0.030815
9.751175e-08, 0.027146
9.771175e-08, 0.024922
9.791175e-08, 0.024060
9.811175e-08, 0.022365
9.831175e-08, 0.021364
9.851175e-08, 0.021392
9.871175e-08, 0.023532
9.891175e-08, 0.026006
9.911175e-08, 0.026173
9.931175e-08, 0.025673
9.951175e-08, 0.023894
9.971175e-08, 0.022031
9.991175e-08, 0.021170
1.001117e-07, 0.021976
1.003118e-07, 0.020614
1.005118e-07, 0.021670
1.007118e-07, 0.022448
1.009118e-07, 0.023894
1.011118e-07, 0.024366
1.013118e-07, 0.023004
1.015117e-07, 0.019947
1.017118e-07, 0.017890
1.019117e-07, 0.018251
1.021118e-07, 0.018891
1.023118e-07, 0.018891
1.025118e-07, 0.018418
1.027118e-07, 0.017279
1.029117e-07, 0.018613
1.031118e-07, 0.018835
1.033117e-07, 0.017834
1.035118e-07, 0.016889
1.037118e-07, 0.015333
1.039118e-07, 0.015305
1.041118e-07, 0.015277
1.043117e-07, 0.013193
1.045118e-07, 0.013526
1.047117e-07, 0.013193
1.049118e-07, 0.014944
1.051118e-07, 0.015027
1.053118e-07, 0.013888
1.055118e-07, 0.013637
1.057117e-07, 0.012665
1.059118e-07, 0.010663
1.061117e-07, 0.011303
1.063118e-07, 0.010274
1.065118e-07, 0.011080
1.067118e-07, 0.009774
1.069118e-07, 0.011052
1.071117e-07, 0.012998
1.073118e-07, 0.010747
1.075117e-07, 0.010107
1.077118e-07, 0.009246
1.079118e-07, 0.008468
1.081118e-07, 0.008468
1.083118e-07, 0.009829
1.085118e-07, 0.009579
1.087118e-07, 0.008245
1.089117e-07, 0.008190
1.091118e-07, 0.008662
1.093117e-07, 0.008384
1.095118e-07, 0.008329
1.097118e-07, 0.007634
1.099118e-07, 0.005493
1.101118e-07, 0.003687
1.103117e-07, 0.005077
1.105118e-07, 0.010441
1.107117e-07, 0.012859
1.109118e-07, 0.012498
1.111118e-07, 0.012303
1.113118e-07, 0.010135
1.115118e-07, 0.008301
1.117117e-07, 0.005605
1.119118e-07, 0.008356
1.121117e-07, 0.014360
1.123118e-07, 0.016834
1.125118e-07, 0.017362
1.127118e-07, 0.018891
1.129118e-07, 0.021587
1.131117e-07, 0.019530
1.133118e-07, 0.019057
1.135117e-07, 0.020002
1.137118e-07, 0.020864
1.139118e-07, 0.018140
1.141118e-07, 0.018196
1.143118e-07, 0.020086
1.145118e-07, 0.022226
1.147118e-07, 0.022921
1.149117e-07, 0.025089
1.151118e-07, 0.027813
1.153118e-07, 0.026896
1.155118e-07, 0.027535
1.157118e-07, 0.027563
1.159118e-07, 0.027257
1.161118e-07, 0.027035
1.163117e-07, 0.029731
1.165118e-07, 0.032482
1.167117e-07, 0.033483
1.169118e-07, 0.033678
1.171118e-07, 0.034345
1.173118e-07, 0.035873
1.175118e-07, 0.036513
1.177117e-07, 0.036151
1.179118e-07, 0.035067
1.181117e-07, 0.035123
1.183118e-07, 0.035985
1.185118e-07, 0.036902
1.187118e-07, 0.037263
1.189118e-07, 0.037430
1.191117e-07, 0.036679
1.193118e-07, 0.037430
1.195117e-07, 0.038681
1.197117e-07, 0.037124
1.199118e-07, 0.036401
1.201118e-07, 0.037180
1.203117e-07, 0.035929
1.205118e-07, 0.035429
1.207118e-07, 0.035873
1.209117e-07, 0.037708
1.211117e-07, 0.038069
1.213118e-07, 0.037346
1.215118e-07, 0.036652
1.217117e-07, 0.034289
1.219118e-07, 0.033177
1.221118e-07, 0.034484
1.223117e-07, 0.034817
1.225117e-07, 0.034484
1.227118e-07, 0.034345
1.229118e-07, 0.033761
1.231117e-07, 0.034484
1.233118e-07, 0.034178
1.235118e-07, 0.034067
1.237117e-07, 0.033066
1.239117e-07, 0.033261
1.241118e-07, 0.032010
1.243118e-07, 0.030148
1.245117e-07, 0.029925
1.247118e-07, 0.032010
1.249118e-07, 0.034372
1.251117e-07, 0.034734
1.253117e-07, 0.033594
1.255118e-07, 0.030592
1.257118e-07, 0.027535
1.259117e-07, 0.023949
1.261118e-07, 0.023143
1.263118e-07, 0.023588
1.265117e-07, 0.024755
1.267117e-07, 0.027590
1.269118e-07, 0.030870
1.271118e-07, 0.037180
1.273117e-07, 0.038875
1.275118e-07, 0.032538
1.277118e-07, 0.029230
1.279117e-07, 0.029091
1.281117e-07, 0.028369
1.283118e-07, 0.027035
1.285118e-07, 0.024755
1.287117e-07, 0.024616
1.289118e-07, 0.026284
1.291118e-07, 0.026534
1.293118e-07, 0.026534
1.295117e-07, 0.026729
1.297118e-07, 0.024088
1.299118e-07, 0.023060
1.301117e-07, 0.023727
1.303118e-07, 0.023810
1.305118e-07, 0.022198
1.307118e-07, 0.023699
1.309117e-07, 0.025756
1.311118e-07, 0.024644
1.313118e-07, 0.022893
1.315117e-07, 0.021003
1.317118e-07, 0.019586
1.319118e-07, 0.019141
1.321118e-07, 0.019586
1.323117e-07, 0.019224
1.325118e-07, 0.018585
1.327118e-07, 0.018112
1.329117e-07, 0.018779
1.331118e-07, 0.019141
1.333118e-07, 0.019613
1.335118e-07, 0.018474
1.337117e-07, 0.017834
1.339118e-07, 0.017584
1.341118e-07, 0.016250
1.343117e-07, 0.015722
1.345118e-07, 0.014749
1.347118e-07, 0.015694
1.349118e-07, 0.017056
1.351117e-07, 0.017556
1.353118e-07, 0.016834
1.355118e-07, 0.016195
1.357117e-07, 0.014666
1.359117e-07, 0.012804
1.361118e-07, 0.011775
1.363118e-07, 0.011025
1.365117e-07, 0.012331
1.367118e-07, 0.012248
1.369118e-07, 0.012748
1.371117e-07, 0.013498
1.373117e-07, 0.013554
1.375118e-07, 0.011581
1.377118e-07, 0.009802
1.379117e-07, 0.008968
1.381118e-07, 0.009829
1.383118e-07, 0.010747
1.385117e-07, 0.010413
1.387117e-07, 0.009829
1.389118e-07, 0.008634
1.391118e-07, 0.009774
1.393117e-07, 0.009357
1.395118e-07, 0.008051
1.397118e-07, 0.008551
1.399117e-07, 0.008690
1.401117e-07, 0.006022
1.403118e-07, 0.005799
1.405118e-07, 0.009246
1.407117e-07, 0.013498
1.409118e-07, 0.014999
1.411118e-07, 0.012915
1.413117e-07, 0.011747
1.415117e-07, 0.011052
1.417118e-07, 0.009329
1.419118e-07, 0.010941
1.421117e-07, 0.014388
1.423118e-07, 0.017946
1.425118e-07, 0.019752
1.427118e-07, 0.020920
1.429117e-07, 0.021948
1.431118e-07, 0.023783
1.433118e-07, 0.020614
1.435117e-07, 0.022393
1.437118e-07, 0.023282
1.439118e-07, 0.021670
1.441118e-07, 0.020419
1.443117e-07, 0.021781
1.445118e-07, 0.021976
1.447118e-07, 0.023616
1.449117e-07, 0.025978
1.451118e-07, 0.028230
1.453118e-07, 0.028508
1.455118e-07, 0.027841
1.457117e-07, 0.027312
1.459118e-07, 0.025200
1.461118e-07, 0.025700
1.463117e-07, 0.027646
1.465118e-07, 0.029425
1.467118e-07, 0.030453
1.469118e-07, 0.031176
1.471117e-07, 0.032399
1.473118e-07, 0.032927
1.475118e-07, 0.034261
1.477117e-07, 0.033872
1.479118e-07, 0.033094
1.481118e-07, 0.034317
1.483118e-07, 0.035345
1.485117e-07, 0.035429
1.487118e-07, 0.034928
1.489118e-07, 0.036262
1.491117e-07, 0.038403
1.493118e-07, 0.036707
1.495118e-07, 0.036151
1.497118e-07, 0.036513
1.499117e-07, 0.036290
1.501118e-07, 0.036151
1.503118e-07, 0.035345
1.505117e-07, 0.034039
1.507117e-07, 0.035151
1.509118e-07, 0.035707
1.511118e-07, 0.035401
1.513117e-07, 0.034678
1.515118e-07, 0.034233
1.517118e-07, 0.033344
1.519117e-07, 0.031565
1.521117e-07, 0.030620
1.523118e-07, 0.031704
1.525118e-07, 0.031732
1.527117e-07, 0.032844
1.529118e-07, 0.032871
1.531118e-07, 0.032288
1.533117e-07, 0.031982
1.535117e-07, 0.030314
1.537118e-07, 0.029508
1.539118e-07, 0.029397
1.541117e-07, 0.028869
1.543118e-07, 0.026090
1.545118e-07, 0.026006
1.547117e-07, 0.026784
1.549117e-07, 0.027952
1.551118e-07, 0.029175
1.553118e-07, 0.028174
1.555117e-07, 0.028202
1.557118e-07, 0.024533
1.559118e-07, 0.020392
1.561117e-07, 0.018196
1.563117e-07, 0.019113
1.565118e-07, 0.021225
1.567118e-07, 0.023866
1.569117e-07, 0.026034
1.571118e-07, 0.030815
1.573118e-07, 0.034233
1.575118e-07, 0.029258
1.577117e-07, 0.025756
1.579118e-07, 0.025589
1.581118e-07, 0.026145
1.583117e-07, 0.023783
1.585118e-07, 0.022393
1.587118e-07, 0.022949
1.589118e-07, 0.024700
1.591117e-07, 0.024783
1.593118e-07, 0.024116
1.595118e-07, 0.024950
1.597117e-07, 0.023699
1.599118e-07, 0.019558
1.601118e-07, 0.019975
1.603118e-07, 0.021003
1.605117e-07, 0.019808
1.607118e-07, 0.020558
1.609118e-07, 0.023032
1.611117e-07, 0.024060
1.613118e-07, 0.021754
1.615118e-07, 0.020169
1.617118e-07, 0.018279
1.619117e-07, 0.017362
1.621118e-07, 0.018668
1.623118e-07, 0.018613
1.625117e-07, 0.017390
1.627118e-07, 0.018613
1.629118e-07, 0.018001
1.631118e-07, 0.019530
1.633117e-07, 0.019335
1.635118e-07, 0.017390
1.637118e-07, 0.016361
1.639117e-07, 0.015527
1.641118e-07, 0.014694
1.643118e-07, 0.014638
1.645118e-07, 0.015333
1.647117e-07, 0.016000
1.649118e-07, 0.016139
1.651118e-07, 0.015833
1.653117e-07, 0.015722
1.655117e-07, 0.014638
1.657118e-07, 0.013332
1.659118e-07, 0.012970
1.661117e-07, 0.012275
1.663118e-07, 0.011775
1.665118e-07, 0.011275
1.667117e-07, 0.011497
1.669117e-07, 0.011525
1.671118e-07, 0.012776
1.673118e-07, 0.012081
1.675117e-07, 0.010969
1.677118e-07, 0.010413
1.679118e-07, 0.008857
1.681117e-07, 0.007912
1.683117e-07, 0.009357
1.685118e-07, 0.009774
1.687118e-07, 0.008607
1.689117e-07, 0.007606
1.691118e-07, 0.007967
1.693118e-07, 0.009663
1.695117e-07, 0.009329
1.697117e-07, 0.006689
1.699118e-07, 0.006022
1.701118e-07, 0.005382
1.703117e-07, 0.004548
1.705118e-07, 0.007495
1.707118e-07, 0.010497
1.709118e-07, 0.011664
1.711117e-07, 0.012025
1.713118e-07, 0.010358
1.715118e-07, 0.009218
1.717117e-07, 0.006383
1.719118e-07, 0.007467
1.721118e-07, 0.013804
1.723118e-07, 0.016111
1.725117e-07, 0.016834
1.727118e-07, 0.018279
1.729118e-07, 0.021781
1.731117e-07, 0.021114
1.733118e-07, 0.019391
1.735118e-07, 0.019391
1.737118e-07, 0.020503
1.739117e-07, 0.019280
1.741118e-07, 0.018140
1.743118e-07, 0.017473
1.745117e-07, 0.018390
1.747118e-07, 0.019057
1.749118e-07, 0.020447
1.751118e-07, 0.020836
1.753117e-07, 0.020392
1.755118e-07, 0.021225
1.757118e-07, 0.019947
1.759117e-07, 0.019836
1.761118e-07, 0.020642
1.763118e-07, 0.022059
1.765118e-07, 0.021948
1.767117e-07, 0.023588
1.769118e-07, 0.025534
1.771118e-07, 0.026145
1.773117e-07, 0.026340
1.775118e-07, 0.026451
1.777118e-07, 0.027424
1.779118e-07, 0.028007
1.781117e-07, 0.027924
1.783118e-07, 0.029091
1.785118e-07, 0.029230
1.787117e-07, 0.030787
1.789118e-07, 0.031454
1.791118e-07, 0.031621
1.793118e-07, 0.030870
1.795117e-07, 0.030926
1.797118e-07, 0.030398
1.799118e-07, 0.029203
1.801117e-07, 0.028897
1.803117e-07, 0.028174
1.805118e-07, 0.028424
1.807118e-07, 0.028063
1.809117e-07, 0.028063
1.811118e-07, 0.028786
1.813118e-07, 0.028202
1.815117e-07, 0.028730
1.817117e-07, 0.028230
1.819118e-07, 0.028341
1.821118e-07, 0.027924
1.823117e-07, 0.027980
1.825118e-07, 0.027618
1.827118e-07, 0.027757
1.829117e-07, 0.028424
1.831117e-07, 0.028786
1.833118e-07, 0.027368
1.835118e-07, 0.027868
1.837117e-07, 0.026812
1.839118e-07, 0.024978
1.841118e-07, 0.024894
1.843117e-07, 0.024811
1.845117e-07, 0.023616
1.847118e-07, 0.022893
1.849118e-07, 0.025144
1.851117e-07, 0.026951
1.853118e-07, 0.028341
1.855118e-07, 0.026312
1.857118e-07, 0.023727
1.859117e-07, 0.019669
1.861118e-07, 0.018335
1.863118e-07, 0.018251
1.865117e-07, 0.020114
1.867118e-07, 0.021531
1.869118e-07, 0.023282
1.871118e-07, 0.028007
1.873117e-07, 0.032566
1.875118e-07, 0.030676
1.877118e-07, 0.024922
1.879117e-07, 0.023338
1.881118e-07, 0.022893
1.883118e-07, 0.022143
1.885118e-07, 0.020670
1.887117e-07, 0.020086
1.889118e-07, 0.020558
1.891118e-07, 0.022921
1.893117e-07, 0.023032
1.895118e-07, 0.023060
1.897118e-07, 0.021559
1.899118e-07, 0.017668
1.901117e-07, 0.017695
1.903118e-07, 0.018557
1.905118e-07, 0.017418
1.907117e-07, 0.019196
1.909118e-07, 0.021337
1.911118e-07, 0.021698
1.913118e-07, 0.019863
1.915117e-07, 0.018640
1.917118e-07, 0.015444
1.919118e-07, 0.015305
1.921117e-07, 0.015944
1.923118e-07, 0.015666
1.925118e-07, 0.017279
1.927118e-07, 0.017279
1.929117e-07, 0.017723
1.931118e-07, 0.017640
1.933118e-07, 0.016806
1.935117e-07, 0.015805
1.937118e-07, 0.015500
1.939118e-07, 0.015722
1.941118e-07, 0.014471
1.943117e-07, 0.014110
1.945118e-07, 0.013248
1.947118e-07, 0.013637
1.949117e-07, 0.015083
1.951118e-07, 0.015111
1.953118e-07, 0.016111
1.955118e-07, 0.015778
1.957117e-07, 0.013943
1.959118e-07, 0.011803
1.961118e-07, 0.010246
1.963117e-07, 0.008662
1.965117e-07, 0.010024
1.967118e-07, 0.010997
1.969118e-07, 0.010135
1.971117e-07, 0.011553
1.973118e-07, 0.011608
1.975118e-07, 0.010080
1.977117e-07, 0.009496
1.979117e-07, 0.007995
1.981118e-07, 0.006855
1.983118e-07, 0.007661
1.985117e-07, 0.009190
1.987118e-07, 0.007689
1.989118e-07, 0.007272
1.991118e-07, 0.006883
1.993117e-07, 0.006800
1.995118e-07, 0.008384
1.997118e-07, 0.007467
1.999117e-07, 0.005577
2.001118e-07, 0.004382
2.003118e-07, 0.004132
2.005118e-07, 0.005049
2.007117e-07, 0.007550
2.009118e-07, 0.010802
2.011118e-07, 0.010052
2.013117e-07, 0.008273
2.015118e-07, 0.007245
2.017118e-07, 0.005049
2.019118e-07, 0.005966
2.021117e-07, 0.011219
2.023118e-07, 0.014721
2.025118e-07, 0.015722
2.027117e-07, 0.016917
2.029118e-07, 0.017695
2.031118e-07, 0.020114
2.033118e-07, 0.018752
2.035117e-07, 0.017918
2.037118e-07, 0.018529
2.039118e-07, 0.017612
2.041117e-07, 0.015138
2.043118e-07, 0.014916
2.045118e-07, 0.014638
2.047118e-07, 0.015917
2.049117e-07, 0.019169
2.051118e-07, 0.019224
2.053118e-07, 0.019252
2.055117e-07, 0.018668
2.057118e-07, 0.017056
2.059118e-07, 0.018196
2.061118e-07, 0.018946
2.063117e-07, 0.019224
2.065118e-07, 0.020836
2.067118e-07, 0.023310
2.069117e-07, 0.024839
2.071118e-07, 0.026034
2.073118e-07, 0.025756
2.075118e-07, 0.026228
2.077117e-07, 0.027285
2.079118e-07, 0.026784
2.081118e-07, 0.026534
2.083117e-07, 0.027146
2.085118e-07, 0.029008
2.087118e-07, 0.028452
2.089118e-07, 0.029369
2.091117e-07, 0.030453
2.093118e-07, 0.030926
2.095118e-07, 0.030954
2.097117e-07, 0.029842
2.099118e-07, 0.029064
2.101118e-07, 0.028007
2.103118e-07, 0.028535
2.105117e-07, 0.027618
2.107118e-07, 0.027507
2.109118e-07, 0.028647
2.111117e-07, 0.029064
2.113117e-07, 0.028925
2.115118e-07, 0.028702
2.117118e-07, 0.028369
2.119117e-07, 0.027674
2.121118e-07, 0.026340
2.123118e-07, 0.027285
2.125117e-07, 0.027090
2.127117e-07, 0.026923
2.129118e-07, 0.028341
2.131118e-07, 0.027201
2.133117e-07, 0.027090
2.135118e-07, 0.027952
2.137118e-07, 0.026256
2.139118e-07, 0.026006
2.141117e-07, 0.024672
2.143118e-07, 0.023616
2.145118e-07, 0.023143
2.147117e-07, 0.023366
2.149118e-07, 0.023671
2.151118e-07, 0.025867
2.153117e-07, 0.026451
2.155117e-07, 0.025478
2.157118e-07, 0.022476
2.159117e-07, 0.018668
2.161117e-07, 0.016917
2.163118e-07, 0.016417
2.165118e-07, 0.017918
2.167117e-07, 0.020419
2.169117e-07, 0.023894
2.171118e-07, 0.027340
2.173117e-07, 0.032621
2.175117e-07, 0.029564
2.177118e-07, 0.024311
2.179118e-07, 0.022810
2.181117e-07, 0.023310
2.183117e-07, 0.022671
2.185118e-07, 0.020947
2.187117e-07, 0.019335
2.189117e-07, 0.021531
2.191118e-07, 0.024783
2.193118e-07, 0.023338
2.195117e-07, 0.023254
2.197117e-07, 0.021837
2.199118e-07, 0.019669
2.201117e-07, 0.017779
2.203117e-07, 0.018502
2.205118e-07, 0.018640
2.207118e-07, 0.018224
2.209117e-07, 0.020781
2.211117e-07, 0.023143
2.213118e-07, 0.021865
2.215117e-07, 0.019697
2.217117e-07, 0.017056
2.219118e-07, 0.016195
2.221118e-07, 0.015666
2.223117e-07, 0.015444
2.225117e-07, 0.016250
2.227118e-07, 0.017279
2.229117e-07, 0.017362
2.231117e-07, 0.017584
2.233118e-07, 0.016973
2.235118e-07, 0.015666
2.237117e-07, 0.014777
2.239117e-07, 0.014054
2.241118e-07, 0.013248
2.243118e-07, 0.013665
2.245117e-07, 0.013276
2.247118e-07, 0.012442
2.249118e-07, 0.013776
2.251117e-07, 0.014694
2.253117e-07, 0.014694
2.255118e-07, 0.013387
2.257118e-07, 0.012053
2.259117e-07, 0.011191
2.261117e-07, 0.011442
2.263118e-07, 0.010413
2.265117e-07, 0.009663
2.267117e-07, 0.008134
2.269118e-07, 0.008523
2.271118e-07, 0.011164
2.273117e-07, 0.010107
2.275117e-07, 0.009524
2.277118e-07, 0.009162
2.279117e-07, 0.006550
2.281117e-07, 0.007467
2.283118e-07, 0.007161
2.285118e-07, 0.007995
2.287117e-07, 0.008051
2.289117e-07, 0.006939
2.291118e-07, 0.006550
2.293117e-07, 0.005938
2.295117e-07, 0.007328
2.297118e-07, 0.006355
2.299118e-07, 0.006244
2.301117e-07, 0.002964
2.303117e-07, 0.000796
2.305118e-07, 0.004048
2.307117e-07, 0.007161
2.309117e-07, 0.010302
2.311118e-07, 0.010274
2.313118e-07, 0.008662
2.315117e-07, 0.008745
2.317117e-07, 0.005855
2.319118e-07, 0.004938
2.321117e-07, 0.008301
2.323117e-07, 0.012081
2.325118e-07, 0.014082
2.327118e-07, 0.015527
2.329117e-07, 0.018307
2.331117e-07, 0.019335
2.333118e-07, 0.017473
2.335117e-07, 0.017640
2.337117e-07, 0.019363
2.339118e-07, 0.018418
2.341118e-07, 0.016945
2.343117e-07, 0.017028
2.345117e-07, 0.016445
2.347118e-07, 0.015750
2.349117e-07, 0.017807
2.351117e-07, 0.019335
2.353118e-07, 0.019141
2.355118e-07, 0.020002
2.357117e-07, 0.018974
2.359117e-07, 0.017473
2.361118e-07, 0.017445
2.363117e-07, 0.018585
2.365117e-07, 0.021531
2.367118e-07, 0.023338
2.369118e-07, 0.024644
2.371117e-07, 0.025756
2.373117e-07, 0.026701
2.375118e-07, 0.027062
2.377117e-07, 0.027340
2.379117e-07, 0.028563
2.381118e-07, 0.029175
2.383118e-07, 0.028897
2.385117e-07, 0.029342
2.387117e-07, 0.031093
2.389118e-07, 0.032621
2.391118e-07, 0.032733
2.393117e-07, 0.031287
2.395118e-07, 0.031815
2.397118e-07, 0.031148
2.399117e-07, 0.030398
2.401117e-07, 0.030036
2.403118e-07, 0.030370
2.405118e-07, 0.029953
2.407117e-07, 0.029731
2.409117e-07, 0.030287
2.411118e-07, 0.030092
2.413117e-07, 0.030092
2.415117e-07, 0.030287
2.417118e-07, 0.028258
2.419118e-07, 0.026340
2.421117e-07, 0.026812
2.423117e-07, 0.026506
2.425118e-07, 0.026451
2.427117e-07, 0.027174
2.429117e-07, 0.028619
2.431118e-07, 0.028285
2.433118e-07, 0.026896
2.435117e-07, 0.026701
2.437117e-07, 0.025422
2.439118e-07, 0.025033
2.441117e-07, 0.025228
2.443117e-07, 0.024088
2.445118e-07, 0.023004
2.447118e-07, 0.021642
2.449117e-07, 0.022782
2.451117e-07, 0.023838
2.453118e-07, 0.025367
2.455117e-07, 0.025450
2.457117e-07, 0.023282
2.459118e-07, 0.019808
2.461118e-07, 0.016139
2.463117e-07, 0.016417
2.465117e-07, 0.017862
2.467118e-07, 0.019391
2.469117e-07, 0.021114
2.471117e-07, 0.025978
2.473118e-07, 0.031259
2.475118e-07, 0.030592
2.477117e-07, 0.024867
2.479117e-07, 0.023560
2.481118e-07, 0.023199
2.483117e-07, 0.021448
2.485117e-07, 0.019947
2.487118e-07, 0.018474
2.489118e-07, 0.020531
2.491117e-07, 0.022226
2.493117e-07, 0.022226
2.495118e-07, 0.021698
2.497117e-07, 0.021003
2.499117e-07, 0.018724
2.501118e-07, 0.017251
2.503118e-07, 0.017306
2.505117e-07, 0.017473
2.507117e-07, 0.018418
2.509118e-07, 0.020670
2.511117e-07, 0.023254
2.513117e-07, 0.021253
2.515118e-07, 0.019224
2.517118e-07, 0.016500
2.519117e-07, 0.016056
2.521117e-07, 0.017167
2.523118e-07, 0.017306
2.525118e-07, 0.017556
2.527117e-07, 0.017529
2.529118e-07, 0.017362
2.531118e-07, 0.017779
2.533117e-07, 0.017556
2.535117e-07, 0.017890
2.537118e-07, 0.015972
2.539118e-07, 0.014166
2.541117e-07, 0.014193
2.543118e-07, 0.015083
2.545118e-07, 0.015083
2.547117e-07, 0.013165
2.549117e-07, 0.012859
2.551118e-07, 0.015361
2.553118e-07, 0.015639
2.555117e-07, 0.014666
2.557118e-07, 0.013860
2.559118e-07, 0.011747
2.561117e-07, 0.011164
2.563117e-07, 0.010358
2.565118e-07, 0.010052
2.567118e-07, 0.009996
2.569117e-07, 0.010524
2.571117e-07, 0.011692
2.573118e-07, 0.010802
2.575117e-07, 0.010107
2.577117e-07, 0.008857
2.579118e-07, 0.006577
2.581118e-07, 0.006661
2.583117e-07, 0.007217
2.585117e-07, 0.007717
2.587118e-07, 0.006855
2.589117e-07, 0.006133
2.591117e-07, 0.006828
2.593118e-07, 0.006772
2.595118e-07, 0.008106
2.597117e-07, 0.008634
2.599117e-07, 0.007689
2.601118e-07, 0.005716
2.603117e-07, 0.003631
2.605117e-07, 0.004493
2.607118e-07, 0.008106
2.609118e-07, 0.011942
2.611117e-07, 0.011914
2.613117e-07, 0.011692
2.615118e-07, 0.009635
2.617117e-07, 0.007189
2.619117e-07, 0.005382
2.621118e-07, 0.007967
2.623118e-07, 0.013915
2.625117e-07, 0.014277
2.627117e-07, 0.015194
2.629118e-07, 0.016917
2.631117e-07, 0.019252
2.633117e-07, 0.019224
2.635118e-07, 0.017390
2.637118e-07, 0.017751
2.639117e-07, 0.018640
2.641117e-07, 0.016222
2.643118e-07, 0.015361
2.645117e-07, 0.017140
2.647117e-07, 0.017112
2.649118e-07, 0.018140
2.651118e-07, 0.020447
2.653117e-07, 0.020197
2.655117e-07, 0.019613
2.657118e-07, 0.018752
2.659117e-07, 0.017195
2.661117e-07, 0.017751
2.663118e-07, 0.018224
2.665118e-07, 0.019586
2.667117e-07, 0.020808
2.669117e-07, 0.023115
2.671118e-07, 0.024505
2.673118e-07, 0.024366
2.675117e-07, 0.025395
2.677118e-07, 0.026951
2.679118e-07, 0.026729
2.681117e-07, 0.028313
2.683117e-07, 0.027618
2.685118e-07, 0.028174
2.687118e-07, 0.029675
2.689117e-07, 0.030009
2.691118e-07, 0.030954
2.693118e-07, 0.031120
2.695117e-07, 0.030175
2.697117e-07, 0.030509
2.699118e-07, 0.030231
2.701118e-07, 0.028813
2.703117e-07, 0.029369
2.705118e-07, 0.029369
2.707118e-07, 0.028535
2.709117e-07, 0.029508
2.711117e-07, 0.030231
2.713118e-07, 0.028897
2.715118e-07, 0.029953
2.717117e-07, 0.029036
2.719117e-07, 0.027924
2.721118e-07, 0.027285
2.723117e-07, 0.026173
2.725117e-07, 0.026701
2.727118e-07, 0.026757
2.729118e-07, 0.027229
2.731117e-07, 0.027451
2.733117e-07, 0.027674
2.735118e-07, 0.026090
2.737117e-07, 0.025839
2.739117e-07, 0.025728
2.741118e-07, 0.025978
2.743118e-07, 0.024422
2.745117e-07, 0.021587
2.747117e-07, 0.023060
2.749118e-07, 0.024561
2.751117e-07, 0.025589
2.753117e-07, 0.026673
2.755118e-07, 0.026979
2.757118e-07, 0.024839
2.759117e-07, 0.019530
2.761117e-07, 0.016334
2.763118e-07, 0.016334
2.765117e-07, 0.016723
2.767117e-07, 0.018779
2.769118e-07, 0.021476
2.771118e-07, 0.024394
2.773117e-07, 0.029925
2.775117e-07, 0.032621
2.777118e-07, 0.026979
2.779117e-07, 0.024644
2.781117e-07, 0.023866
2.783118e-07, 0.022198
2.785118e-07, 0.021114
2.787117e-07, 0.019391
2.789117e-07, 0.020058
2.791118e-07, 0.022782
2.793117e-07, 0.021781
2.795117e-07, 0.021559
2.797118e-07, 0.022198
2.799118e-07, 0.020892
2.801117e-07, 0.018057
2.803117e-07, 0.018196
2.805118e-07, 0.017723
2.807118e-07, 0.017056
2.809117e-07, 0.020058
2.811118e-07, 0.022337
2.813118e-07, 0.019863
2.815117e-07, 0.019586
2.817117e-07, 0.017390
2.819118e-07, 0.015194
2.821118e-07, 0.015722
2.823117e-07, 0.016723
2.825118e-07, 0.016334
2.827118e-07, 0.016028
2.829117e-07, 0.015778
2.831117e-07, 0.017140
2.833118e-07, 0.016584
2.835118e-07, 0.015333
2.837117e-07, 0.015972
2.839118e-07, 0.015305
2.841118e-07, 0.013193
2.843117e-07, 0.014332
2.845117e-07, 0.014082
2.847118e-07, 0.013582
2.849118e-07, 0.014638
2.851117e-07, 0.014499
2.853118e-07, 0.014082
2.855118e-07, 0.014054
2.857117e-07, 0.012136
2.859117e-07, 0.012553
2.861118e-07, 0.010524
2.863118e-07, 0.009663
2.865117e-07, 0.009802
2.867117e-07, 0.010497
2.869118e-07, 0.009774
2.871117e-07, 0.011025
2.873117e-07, 0.011886
2.875118e-07, 0.011108
2.877118e-07, 0.009968
2.879117e-07, 0.008134
2.881117e-07, 0.007967
2.883118e-07, 0.008023
2.885117e-07, 0.010691
2.887117e-07, 0.009968
2.889118e-07, 0.008190
2.891118e-07, 0.007745
2.893117e-07, 0.007523
2.895117e-07, 0.007550
2.897118e-07, 0.008384
2.899117e-07, 0.007106
2.901117e-07, 0.005549
2.903118e-07, 0.003715
2.905118e-07, 0.003965
2.907117e-07, 0.006105
2.909117e-07, 0.009385
2.911118e-07, 0.010608
2.913117e-07, 0.009941
2.915117e-07, 0.008607
2.917118e-07, 0.007217
2.919118e-07, 0.005299
2.921117e-07, 0.007800
2.923117e-07, 0.011330
2.925118e-07, 0.015444
2.927117e-07, 0.016862
2.929117e-07, 0.017445
2.931118e-07, 0.021059
2.933118e-07, 0.020614
2.935117e-07, 0.018279
2.937117e-07, 0.019697
2.939118e-07, 0.019891
2.941117e-07, 0.017473
2.943117e-07, 0.017056
2.945118e-07, 0.016500
2.947118e-07, 0.018112
2.949117e-07, 0.018474
2.951117e-07, 0.020308
2.953118e-07, 0.019752
2.955118e-07, 0.019224
2.957117e-07, 0.019641
2.959118e-07, 0.018279
2.961118e-07, 0.019224
2.963117e-07, 0.019891
2.965117e-07, 0.020864
2.967118e-07, 0.023616
2.969118e-07, 0.024616
2.971117e-07, 0.025951
2.973118e-07, 0.026090
2.975118e-07, 0.026367
2.977117e-07, 0.026090
2.979117e-07, 0.026701
2.981118e-07, 0.028313
2.983118e-07, 0.028313
2.985117e-07, 0.028563
2.987118e-07, 0.030453
2.989118e-07, 0.031593
2.991117e-07, 0.031454
2.993117e-07, 0.031093
2.995118e-07, 0.031454
2.997118e-07, 0.031843
2.999117e-07, 0.030787
3.001118e-07, 0.030370
3.003118e-07, 0.029703
3.005117e-07, 0.029036
3.007117e-07, 0.028647
3.009118e-07, 0.029453
3.011118e-07, 0.029925
3.013117e-07, 0.030509
3.015117e-07, 0.030398
3.017118e-07, 0.028397
3.019117e-07, 0.027702
3.021117e-07, 0.028035
3.023118e-07, 0.026062
3.025118e-07, 0.025478
3.027117e-07, 0.027174
3.029117e-07, 0.027924
3.031118e-07, 0.028146
3.033117e-07, 0.026868
3.035117e-07, 0.026923
3.037118e-07, 0.026256
3.039118e-07, 0.025422
3.041117e-07, 0.024422
3.043117e-07, 0.024227
3.045118e-07, 0.023032
3.047117e-07, 0.022643
3.049117e-07, 0.023254
3.051118e-07, 0.025256
3.053118e-07, 0.027451
3.055117e-07, 0.027618
3.057117e-07, 0.025728
3.059118e-07, 0.022087
3.061117e-07, 0.017834
3.063117e-07, 0.015222
3.065118e-07, 0.017056
3.067118e-07, 0.019808
3.069117e-07, 0.020920
3.071117e-07, 0.022921
3.073118e-07, 0.029064
3.075117e-07, 0.031676
3.077117e-07, 0.027479
3.079118e-07, 0.024950
3.081118e-07, 0.022282
3.083117e-07, 0.021865
3.085117e-07, 0.021726
3.087118e-07, 0.018613
3.089118e-07, 0.019502
3.091117e-07, 0.022115
3.093118e-07, 0.022476
3.095118e-07, 0.021809
3.097117e-07, 0.022004
3.099117e-07, 0.020364
3.101118e-07, 0.017195
3.103118e-07, 0.015861
3.105117e-07, 0.015833
3.107118e-07, 0.015111
3.109118e-07, 0.018279
3.111117e-07, 0.020531
3.113117e-07, 0.020086
3.115118e-07, 0.019057
3.117118e-07, 0.017001
3.119117e-07, 0.015889
3.121118e-07, 0.015666
3.123118e-07, 0.016083
3.125117e-07, 0.016222
3.127117e-07, 0.015861
3.129118e-07, 0.017362
3.131118e-07, 0.017195
3.133117e-07, 0.015444
3.135118e-07, 0.014527
3.137118e-07, 0.014221
3.139117e-07, 0.012804
3.141117e-07, 0.012581
3.143118e-07, 0.013415
3.145118e-07, 0.011497
3.147117e-07, 0.012164
3.149118e-07, 0.011219
3.151118e-07, 0.012970
3.153117e-07, 0.013526
3.155117e-07, 0.013276
3.157118e-07, 0.012998
3.159118e-07, 0.009023
3.161117e-07, 0.009218
3.163118e-07, 0.009746
3.165118e-07, 0.008329
3.167117e-07, 0.007884
3.169117e-07, 0.008551
3.171118e-07, 0.009468
3.173118e-07, 0.010608
3.175117e-07, 0.010274
3.177117e-07, 0.008801
3.179118e-07, 0.007967
3.181117e-07, 0.006772
3.183117e-07, 0.007523
3.185118e-07, 0.008301
3.187118e-07, 0.007161
3.189117e-07, 0.005827
3.191117e-07, 0.007245
3.193118e-07, 0.006411
3.195117e-07, 0.006661
3.197117e-07, 0.007384
3.199118e-07, 0.005910
3.201118e-07, 0.006133
3.203117e-07, 0.002992
3.205117e-07, 0.002019
3.207118e-07, 0.004687
3.209117e-07, 0.008551
3.211117e-07, 0.011581
3.213118e-07, 0.010886
3.215118e-07, 0.010497
3.217117e-07, 0.007828
3.219117e-07, 0.005577
3.221118e-07, 0.006411
3.223117e-07, 0.009829
3.225117e-07, 0.013026
3.227118e-07, 0.014582
3.229118e-07, 0.014916
3.231117e-07, 0.016806
3.233117e-07, 0.016306
3.235118e-07, 0.016361
3.237118e-07, 0.017251
3.239117e-07, 0.017362
3.241118e-07, 0.017445
3.243118e-07, 0.017195
3.245117e-07, 0.017195
3.247117e-07, 0.017584
3.249118e-07, 0.018057
3.251118e-07, 0.018668
3.253117e-07, 0.022254
3.255118e-07, 0.022393
3.257118e-07, 0.023088
3.259117e-07, 0.025339
3.261117e-07, 0.025534
3.263118e-07, 0.024922
3.265118e-07, 0.026201
3.267117e-07, 0.028980
3.269118e-07, 0.030787
3.271118e-07, 0.030954
3.273117e-07, 0.029786
3.275117e-07, 0.031343
3.277118e-07, 0.032177
3.279118e-07, 0.032427
3.281117e-07, 0.032149
3.283118e-07, 0.033511
3.285118e-07, 0.033761
3.287117e-07, 0.033261
3.289117e-07, 0.035568
3.291118e-07, 0.036179
3.293118e-07, 0.036068
3.295117e-07, 0.035568
3.297118e-07, 0.034539
3.299118e-07, 0.034734
3.301117e-07, 0.034734
3.303117e-07, 0.034539
3.305118e-07, 0.032649
3.307118e-07, 0.032538
3.309117e-07, 0.034150
3.311118e-07, 0.035568
3.313118e-07, 0.034789
3.315117e-07, 0.035290
3.317117e-07, 0.034762
3.319118e-07, 0.032538
3.321118e-07, 0.032371
3.323117e-07, 0.031315
3.325117e-07, 0.031982
3.327118e-07, 0.032733
3.329117e-07, 0.031787
3.331117e-07, 0.031315
3.333118e-07, 0.032288
3.335118e-07, 0.032316
3.337117e-07, 0.030676
3.339117e-07, 0.030481
3.341118e-07, 0.030481
3.343117e-07, 0.028535
3.345117e-07, 0.026673
3.347118e-07, 0.026284
3.349118e-07, 0.027312
3.351117e-07, 0.028897
3.353117e-07, 0.031065
3.355118e-07, 0.031482
3.357117e-07, 0.029675
3.359117e-07, 0.027368
3.361118e-07, 0.023366
3.363118e-07, 0.021503
3.365117e-07, 0.021392
3.367117e-07, 0.023254
3.369118e-07, 0.025339
3.371118e-07, 0.027924
3.373117e-07, 0.032149
3.375118e-07, 0.036791
3.377118e-07, 0.032899
3.379117e-07, 0.029397
3.381117e-07, 0.028230
3.383118e-07, 0.027285
3.385118e-07, 0.025673
3.387117e-07, 0.023310
3.389118e-07, 0.023004
3.391118e-07, 0.024477
3.393117e-07, 0.024700
3.395117e-07, 0.025283
3.397118e-07, 0.024199
3.399118e-07, 0.022893
3.401117e-07, 0.021170
3.403118e-07, 0.019697
3.405118e-07, 0.019224
3.407117e-07, 0.018446
3.409117e-07, 0.021031
3.411118e-07, 0.023505
3.413118e-07, 0.023949
3.415117e-07, 0.022560
3.417118e-07, 0.020725
3.419118e-07, 0.018502
3.421117e-07, 0.018446
3.423117e-07, 0.019085
3.425118e-07, 0.018807
3.427118e-07, 0.018557
3.429117e-07, 0.018474
3.431118e-07, 0.017946
3.433118e-07, 0.017473
3.435117e-07, 0.016723
3.437117e-07, 0.015555
3.439118e-07, 0.016445
3.441118e-07, 0.017112
3.443117e-07, 0.015222
3.445118e-07, 0.015444
3.447118e-07, 0.015166
3.449117e-07, 0.015416
3.451117e-07, 0.015611
3.453118e-07, 0.016361
3.455118e-07, 0.016139
3.457117e-07, 0.015083
3.459118e-07, 0.013137
3.461118e-07, 0.012637
3.463117e-07, 0.012303
3.465117e-07, 0.010107
3.467118e-07, 0.010858
3.469118e-07, 0.010775
3.471117e-07, 0.011581
3.473117e-07, 0.011080
3.475118e-07, 0.011803
3.477117e-07, 0.011831
3.479117e-07, 0.010469
3.481118e-07, 0.009107
3.483118e-07, 0.008468
3.485117e-07, 0.008718
3.487117e-07, 0.008857
3.489118e-07, 0.009246
3.491117e-07, 0.009051
3.493117e-07, 0.008579
3.495118e-07, 0.008607
3.497118e-07, 0.007439
3.499117e-07, 0.008023
3.501117e-07, 0.008134
3.503118e-07, 0.006049
3.505117e-07, 0.005104
3.507117e-07, 0.005438
3.509118e-07, 0.009413
3.511118e-07, 0.012553
3.513117e-07, 0.011025
3.515117e-07, 0.009968
3.517118e-07, 0.009301
3.519118e-07, 0.006077
3.521117e-07, 0.005104
3.523118e-07, 0.010302
3.525118e-07, 0.013971
3.527117e-07, 0.014443
3.529117e-07, 0.017279
3.531118e-07, 0.018001
3.533118e-07, 0.017473
3.535117e-07, 0.016639
3.537118e-07, 0.016862
3.539118e-07, 0.020197
3.541117e-07, 0.020058
3.543117e-07, 0.019447
3.545118e-07, 0.019280
3.547118e-07, 0.019947
3.549117e-07, 0.022782
3.551118e-07, 0.024644
3.553118e-07, 0.026645
3.555117e-07, 0.026896
3.557117e-07, 0.025200
3.559118e-07, 0.024894
3.561118e-07, 0.024116
3.563117e-07, 0.024589
3.565118e-07, 0.026868
3.567118e-07, 0.027757
3.569117e-07, 0.029814
3.571117e-07, 0.030870
3.573118e-07, 0.031621
3.575118e-07, 0.031204
3.577117e-07, 0.032121
3.579118e-07, 0.032177
3.581118e-07, 0.032538
3.583117e-07, 0.032788
3.585117e-07, 0.033177
3.587118e-07, 0.034289
3.589118e-07, 0.035762
3.591117e-07, 0.036318
3.593118e-07, 0.037041
3.595118e-07, 0.036568
3.597117e-07, 0.035512
3.599117e-07, 0.035012
3.601118e-07, 0.035929
3.603118e-07, 0.034623
3.605117e-07, 0.033983
3.607118e-07, 0.033316
3.609118e-07, 0.032927
3.611117e-07, 0.033455
3.613117e-07, 0.035178
3.615118e-07, 0.034678
3.617118e-07, 0.033872
3.619117e-07, 0.032232
3.621117e-07, 0.030537
3.623118e-07, 0.031204
3.625117e-07, 0.030842
3.627117e-07, 0.030036
3.629118e-07, 0.029619
3.631118e-07, 0.030870
3.633117e-07, 0.030981
3.635117e-07, 0.030453
3.637118e-07, 0.029481
3.639117e-07, 0.029536
3.641117e-07, 0.028591
3.643118e-07, 0.027396
3.645118e-07, 0.026784
3.647117e-07, 0.023922
3.649117e-07, 0.024033
3.651118e-07, 0.024950
3.653118e-07, 0.026506
3.655117e-07, 0.028786
3.657118e-07, 0.027702
3.659118e-07, 0.025478
3.661117e-07, 0.021031
3.663117e-07, 0.018529
3.665118e-07, 0.018946
3.667118e-07, 0.020808
3.669117e-07, 0.022282
3.671118e-07, 0.025117
3.673118e-07, 0.027451
3.675117e-07, 0.032844
3.677117e-07, 0.030731
3.679118e-07, 0.026340
3.681118e-07, 0.025367
3.683117e-07, 0.024366
3.685118e-07, 0.023254
3.687118e-07, 0.020336
3.689117e-07, 0.019308
3.691117e-07, 0.021364
3.693118e-07, 0.023783
3.695118e-07, 0.024172
3.697117e-07, 0.023199
3.699118e-07, 0.022365
3.701118e-07, 0.019724
3.703117e-07, 0.019002
3.705117e-07, 0.019224
3.707118e-07, 0.017640
3.709118e-07, 0.019836
3.711117e-07, 0.021670
3.713118e-07, 0.021337
3.715118e-07, 0.021559
3.717117e-07, 0.020002
3.719117e-07, 0.018585
3.721118e-07, 0.017723
3.723118e-07, 0.017723
3.725117e-07, 0.018001
3.727118e-07, 0.018363
3.729118e-07, 0.018335
3.731117e-07, 0.018251
3.733117e-07, 0.018529
3.735118e-07, 0.017946
3.737118e-07, 0.016361
3.739117e-07, 0.016389
3.741118e-07, 0.016222
3.743118e-07, 0.014916
3.745117e-07, 0.013693
3.747117e-07, 0.012970
3.749118e-07, 0.013443
3.751118e-07, 0.016028
3.753117e-07, 0.015778
3.755118e-07, 0.015194
3.757118e-07, 0.014166
3.759117e-07, 0.013443
3.761117e-07, 0.011664
3.763118e-07, 0.011358
3.765118e-07, 0.010775
3.767117e-07, 0.010469
3.769118e-07, 0.009579
3.771118e-07, 0.010913
3.773117e-07, 0.011219
3.775117e-07, 0.011442
3.777118e-07, 0.010802
3.779118e-07, 0.009468
3.781117e-07, 0.008829
3.783117e-07, 0.008412
3.785118e-07, 0.008468
3.787117e-07, 0.008857
3.789117e-07, 0.008134
3.791118e-07, 0.007800
3.793118e-07, 0.008829
3.795117e-07, 0.008551
3.797117e-07, 0.008579
3.799118e-07, 0.008190
3.801118e-07, 0.007439
3.803117e-07, 0.006494
3.805118e-07, 0.003437
3.807118e-07, 0.004576
3.809117e-07, 0.008412
3.811117e-07, 0.012609
3.813118e-07, 0.013193
3.815118e-07, 0.012331
3.817117e-07, 0.009496
3.819118e-07, 0.006828
3.821118e-07, 0.005827
3.823117e-07, 0.008884
3.825117e-07, 0.012331
3.827118e-07, 0.014332
3.829118e-07, 0.016083
3.831117e-07, 0.018224
3.833118e-07, 0.018279
3.835118e-07, 0.018112
3.837117e-07, 0.018779
3.839117e-07, 0.019669
3.841118e-07, 0.016945
3.843118e-07, 0.015694
3.845117e-07, 0.014860
3.847118e-07, 0.014471
3.849118e-07, 0.016000
3.851117e-07, 0.017612
3.853117e-07, 0.018335
3.855118e-07, 0.019474
3.857118e-07, 0.018807
3.859117e-07, 0.017279
3.861118e-07, 0.017862
3.863118e-07, 0.018140
3.865117e-07, 0.019891
3.867117e-07, 0.021615
3.869118e-07, 0.023532
3.871118e-07, 0.024172
3.873117e-07, 0.024227
3.875118e-07, 0.023894
3.877118e-07, 0.025061
3.879117e-07, 0.025422
3.881117e-07, 0.025395
3.883118e-07, 0.025728
3.885118e-07, 0.026395
3.887117e-07, 0.027924
3.889118e-07, 0.029675
3.891118e-07, 0.029481
3.893117e-07, 0.029647
3.895117e-07, 0.029675
3.897118e-07, 0.028786
3.899118e-07, 0.028591
3.901117e-07, 0.029230
3.903118e-07, 0.028925
3.905118e-07, 0.027924
3.907117e-07, 0.028146
3.909117e-07, 0.029258
3.911118e-07, 0.030648
3.913118e-07, 0.029203
3.915117e-07, 0.028730
3.917118e-07, 0.027952
3.919118e-07, 0.028535
3.921117e-07, 0.028508
3.923117e-07, 0.025534
3.925118e-07, 0.026145
3.927118e-07, 0.027618
3.929117e-07, 0.028452
3.931117e-07, 0.029508
3.933118e-07, 0.028619
3.935118e-07, 0.028202
3.937117e-07, 0.026173
3.939118e-07, 0.025033
3.941118e-07, 0.024755
3.943117e-07, 0.024950
3.945117e-07, 0.023783
3.947118e-07, 0.021920
3.949118e-07, 0.022031
3.951117e-07, 0.024172
3.953118e-07, 0.025311
3.955118e-07, 0.025784
3.957117e-07, 0.026784
3.959117e-07, 0.024422
3.961118e-07, 0.019474
3.963118e-07, 0.015972
3.965117e-07, 0.015111
3.967118e-07, 0.017890
3.969118e-07, 0.019419
3.971117e-07, 0.021476
3.973117e-07, 0.025228
3.975118e-07, 0.031037
3.977118e-07, 0.029953
3.979117e-07, 0.024811
3.981118e-07, 0.023115
3.983118e-07, 0.023143
3.985117e-07, 0.021031
3.987117e-07, 0.018891
3.989118e-07, 0.018085
3.991118e-07, 0.020864
3.993117e-07, 0.021781
3.995118e-07, 0.022115
3.997118e-07, 0.021587
3.999117e-07, 0.021281
4.001117e-07, 0.018446
4.003118e-07, 0.016361
4.005118e-07, 0.018168
4.007117e-07, 0.016667
4.009118e-07, 0.016667
4.011118e-07, 0.020030
4.013117e-07, 0.020030
4.015117e-07, 0.018640
4.017118e-07, 0.017418
4.019118e-07, 0.016584
4.021117e-07, 0.015833
4.023118e-07, 0.015583
4.025118e-07, 0.017501
4.027117e-07, 0.016500
4.029117e-07, 0.015527
4.031118e-07, 0.016862
4.033118e-07, 0.015694
4.035117e-07, 0.017418
4.037118e-07, 0.016028
4.039118e-07, 0.014860
4.041117e-07, 0.014694
4.043117e-07, 0.013443
4.045118e-07, 0.014249
4.047118e-07, 0.012109
4.049117e-07, 0.012637
4.051118e-07, 0.013721
4.053118e-07, 0.014054
4.055117e-07, 0.014555
4.057117e-07, 0.013415
4.059118e-07, 0.012303
4.061118e-07, 0.011191
4.063117e-07, 0.010274
4.065118e-07, 0.010691
4.067118e-07, 0.010246
4.069117e-07, 0.010107
4.071117e-07, 0.010135
4.073118e-07, 0.009496
4.075118e-07, 0.009857
4.077117e-07, 0.010524
4.079117e-07, 0.008996
4.081118e-07, 0.007300
4.083118e-07, 0.007300
4.085117e-07, 0.007161
4.087118e-07, 0.008190
4.089118e-07, 0.007300
4.091117e-07, 0.007717
4.093117e-07, 0.006077
4.095118e-07, 0.006216
4.097118e-07, 0.008551
4.099117e-07, 0.006911
4.101118e-07, 0.006077
4.103118e-07, 0.004632
4.105117e-07, 0.002742
4.107117e-07, 0.001852
4.109118e-07, 0.005883
4.111118e-07, 0.010941
4.113117e-07, 0.010886
4.115118e-07, 0.010246
4.117118e-07, 0.008217
4.119117e-07, 0.005521
4.121117e-07, 0.004354
4.123118e-07, 0.008190
4.125118e-07, 0.011136
4.127117e-07, 0.012776
4.129118e-07, 0.014972
4.131118e-07, 0.017306
4.133117e-07, 0.017834
4.135117e-07, 0.017418
4.137118e-07, 0.017306
4.139118e-07, 0.017890
4.141117e-07, 0.018085
4.143118e-07, 0.017556
4.145118e-07, 0.016222
4.147117e-07, 0.016445
4.149117e-07, 0.017834
4.151118e-07, 0.018196
4.153118e-07, 0.019391
4.155117e-07, 0.019836
4.157118e-07, 0.018752
4.159118e-07, 0.018696
4.161117e-07, 0.017501
4.163117e-07, 0.016806
4.165118e-07, 0.019141
4.167118e-07, 0.020364
4.169117e-07, 0.021948
4.171118e-07, 0.023588
4.173118e-07, 0.025339
4.175117e-07, 0.026618
4.177117e-07, 0.025478
4.179118e-07, 0.025923
4.181118e-07, 0.026840
4.183117e-07, 0.028313
4.185118e-07, 0.028007
4.187118e-07, 0.028369
4.189117e-07, 0.030481
4.191117e-07, 0.032510
4.193118e-07, 0.031287
4.195118e-07, 0.030426
4.197117e-07, 0.030759
4.199118e-07, 0.029147
4.201118e-07, 0.029647
4.203117e-07, 0.029175
4.205117e-07, 0.028591
4.207118e-07, 0.028341
4.209118e-07, 0.028007
4.211117e-07, 0.028925
4.213118e-07, 0.030537
4.215118e-07, 0.030287
4.217118e-07, 0.029953
4.219117e-07, 0.028897
4.221118e-07, 0.027312
4.223118e-07, 0.026506
4.225117e-07, 0.026506
4.227117e-07, 0.025923
4.229118e-07, 0.026090
4.231118e-07, 0.027285
4.233117e-07, 0.027257
4.235118e-07, 0.027396
4.237118e-07, 0.025117
4.239117e-07, 0.025311
4.241117e-07, 0.025951
4.243118e-07, 0.024616
4.245118e-07, 0.024589
4.247117e-07, 0.023199
4.249118e-07, 0.022365
4.251118e-07, 0.023783
4.253117e-07, 0.025506
4.255117e-07, 0.026534
4.257118e-07, 0.025283
4.259118e-07, 0.024728
4.261117e-07, 0.019502
4.263118e-07, 0.017028
4.265118e-07, 0.016556
4.267117e-07, 0.016222
4.269117e-07, 0.018446
4.271118e-07, 0.022865
4.273118e-07, 0.024783
4.275117e-07, 0.029675
4.277118e-07, 0.029703
4.279118e-07, 0.025089
4.281117e-07, 0.022198
4.283117e-07, 0.022587
4.285118e-07, 0.021559
4.287118e-07, 0.020531
4.289117e-07, 0.018057
4.291118e-07, 0.020225
4.293118e-07, 0.021642
4.295117e-07, 0.020892
4.297117e-07, 0.021559
4.299118e-07, 0.022254
4.301118e-07, 0.020920
4.303117e-07, 0.018668
4.305118e-07, 0.018168
4.307118e-07, 0.017334
4.309117e-07, 0.017834
4.311117e-07, 0.020753
4.313118e-07, 0.022337
4.315118e-07, 0.021031
4.317117e-07, 0.019335
4.319118e-07, 0.017834
4.321118e-07, 0.016000
4.323117e-07, 0.016222
4.325117e-07, 0.017084
4.327118e-07, 0.016250
4.329118e-07, 0.016056
4.331117e-07, 0.016528
4.333118e-07, 0.015972
4.335118e-07, 0.016472
4.337117e-07, 0.015583
4.339117e-07, 0.013749
4.341118e-07, 0.014027
4.343118e-07, 0.013387
4.345117e-07, 0.013721
4.347118e-07, 0.013109
4.349118e-07, 0.012387
4.351117e-07, 0.013137
4.353117e-07, 0.013804
4.355118e-07, 0.015388
4.357118e-07, 0.014860
4.359117e-07, 0.013471
4.361118e-07, 0.011052
4.363118e-07, 0.010802
4.365118e-07, 0.011136
4.367117e-07, 0.009774
4.369118e-07, 0.009329
4.371118e-07, 0.009774
4.373117e-07, 0.010608
4.375118e-07, 0.010274
4.377118e-07, 0.011275
4.379118e-07, 0.010580
4.381117e-07, 0.007300
4.383118e-07, 0.007828
4.385118e-07, 0.006689
4.387117e-07, 0.007411
4.389117e-07, 0.008440
4.391118e-07, 0.007689
4.393118e-07, 0.005744
4.395117e-07, 0.007161
4.397118e-07, 0.007773
4.399118e-07, 0.007133
4.401117e-07, 0.007745
4.403117e-07, 0.006161
4.405118e-07, 0.004215
4.407118e-07, 0.002631
4.409117e-07, 0.005355
4.411118e-07, 0.010246
4.413118e-07, 0.010413
4.415117e-07, 0.008690
4.417117e-07, 0.008329
4.419118e-07, 0.006661
4.421118e-07, 0.005493
4.423117e-07, 0.007384
4.425118e-07, 0.010052
4.427118e-07, 0.011859
4.429117e-07, 0.013721
4.431117e-07, 0.016472
4.433118e-07, 0.016389
4.435118e-07, 0.017612
4.437117e-07, 0.017306
4.439118e-07, 0.016750
4.441118e-07, 0.017112
4.443117e-07, 0.015750
4.445117e-07, 0.014360
4.447118e-07, 0.014860
4.449118e-07, 0.015694
4.451117e-07, 0.015750
4.453118e-07, 0.017501
4.455118e-07, 0.018724
4.457117e-07, 0.018085
4.459117e-07, 0.018168
4.461118e-07, 0.017028
4.463118e-07, 0.017834
4.465117e-07, 0.019002
4.467118e-07, 0.020364
4.469118e-07, 0.022059
4.471117e-07, 0.023310
4.473117e-07, 0.024894
4.475118e-07, 0.025589
4.477118e-07, 0.024811
4.479117e-07, 0.025617
4.481118e-07, 0.027702
4.483118e-07, 0.026896
4.485117e-07, 0.027646
4.487117e-07, 0.028980
4.489118e-07, 0.029119
4.491118e-07, 0.029925
4.493117e-07, 0.030787
4.495118e-07, 0.030314
4.497118e-07, 0.029453
4.499118e-07, 0.029425
4.501117e-07, 0.028925
4.503118e-07, 0.029230
4.505118e-07, 0.028786
4.507117e-07, 0.027368
4.509118e-07, 0.027563
4.511118e-07, 0.029981
4.513118e-07, 0.031565
4.515117e-07, 0.030259
4.517118e-07, 0.029564
4.519118e-07, 0.029119
4.521117e-07, 0.028452
4.523118e-07, 0.026673
4.525118e-07, 0.026951
4.527118e-07, 0.026451
4.529117e-07, 0.025283
4.531118e-07, 0.026173
4.533118e-07, 0.027785
4.535118e-07, 0.027257
4.537118e-07, 0.026896
4.539117e-07, 0.026256
4.541117e-07, 0.026117
4.543117e-07, 0.025589
4.545118e-07, 0.023671
4.547118e-07, 0.021865
4.549118e-07, 0.022309
4.551118e-07, 0.024144
4.553117e-07, 0.025117
4.555117e-07, 0.027368
4.557117e-07, 0.025923
4.559118e-07, 0.024644
4.561118e-07, 0.021225
4.563118e-07, 0.017946
4.565118e-07, 0.016250
4.567117e-07, 0.014694
4.569117e-07, 0.018835
4.571117e-07, 0.021170
4.573118e-07, 0.023532
4.575118e-07, 0.027646
4.577118e-07, 0.029536
4.579118e-07, 0.026367
4.581117e-07, 0.023338
4.583117e-07, 0.022532
4.585117e-07, 0.021420
4.587118e-07, 0.020531
4.589118e-07, 0.019724
4.591118e-07, 0.020169
4.593118e-07, 0.022254
4.595117e-07, 0.022615
4.597117e-07, 0.022254
4.599117e-07, 0.021754
4.601118e-07, 0.020197
4.603118e-07, 0.017362
4.605118e-07, 0.017334
4.607118e-07, 0.016778
4.609117e-07, 0.017056
4.611117e-07, 0.018196
4.613117e-07, 0.019419
4.615118e-07, 0.020086
4.617118e-07, 0.019196
4.619118e-07, 0.017723
4.621118e-07, 0.017640
4.623117e-07, 0.016556
4.625117e-07, 0.014860
4.627117e-07, 0.017140
4.629118e-07, 0.017918
4.631118e-07, 0.016167
4.633118e-07, 0.016000
4.635118e-07, 0.017279
4.637117e-07, 0.016000
4.639117e-07, 0.015027
4.641117e-07, 0.014054
4.643118e-07, 0.013220
4.645118e-07, 0.013248
4.647118e-07, 0.012692
4.649118e-07, 0.012609
4.651117e-07, 0.013721
4.653117e-07, 0.013610
4.655117e-07, 0.014749
4.657118e-07, 0.014304
4.659118e-07, 0.013471
4.661118e-07, 0.012359
4.663118e-07, 0.010552
4.665117e-07, 0.009385
4.667117e-07, 0.008884
4.669117e-07, 0.009162
4.671118e-07, 0.009413
4.673118e-07, 0.010358
4.675118e-07, 0.010858
4.677118e-07, 0.010552
4.679117e-07, 0.010663
4.681117e-07, 0.008523
4.683117e-07, 0.005660
4.685117e-07, 0.006161
4.687118e-07, 0.007022
4.689118e-07, 0.007800
4.691118e-07, 0.007217
4.693117e-07, 0.006939
4.695117e-07, 0.006716
4.697117e-07, 0.007050
4.699117e-07, 0.006605
4.701118e-07, 0.006355
4.703118e-07, 0.005243
4.705118e-07, 0.002603
4.707117e-07, 0.003270
4.709117e-07, 0.005355
4.711117e-07, 0.009468
4.713117e-07, 0.010886
4.715118e-07, 0.010469
4.717118e-07, 0.008273
4.719118e-07, 0.006049
4.721118e-07, 0.004298
4.723117e-07, 0.005160
4.725117e-07, 0.008634
4.727117e-07, 0.010747
4.729118e-07, 0.012692
4.731118e-07, 0.015361
4.733118e-07, 0.017056
4.735118e-07, 0.016195
4.737117e-07, 0.015111
4.739117e-07, 0.015917
4.741117e-07, 0.017890
4.743118e-07, 0.014944
4.745118e-07, 0.013637
4.747118e-07, 0.015027
4.749118e-07, 0.015138
4.751117e-07, 0.016667
4.753117e-07, 0.016862
4.755117e-07, 0.017612
4.757118e-07, 0.017306
4.759118e-07, 0.019224
4.761118e-07, 0.019224
4.763118e-07, 0.017473
4.765117e-07, 0.018251
4.767117e-07, 0.019141
4.769117e-07, 0.020670
4.771118e-07, 0.024950
4.773118e-07, 0.026284
4.775118e-07, 0.024839
4.777118e-07, 0.023894
4.779117e-07, 0.025506
4.781117e-07, 0.027424
4.783117e-07, 0.027229
4.785118e-07, 0.027368
4.787118e-07, 0.027424
4.789118e-07, 0.029258
4.791118e-07, 0.030009
4.793117e-07, 0.031426
4.795117e-07, 0.031843
4.797117e-07, 0.031649
4.799118e-07, 0.030481
4.801118e-07, 0.029425
4.803118e-07, 0.029286
4.805118e-07, 0.029592
4.807117e-07, 0.027729
4.809117e-07, 0.027118
4.811117e-07, 0.029592
4.813118e-07, 0.030481
4.815118e-07, 0.029786
4.817118e-07, 0.029258
4.819118e-07, 0.028397
4.821117e-07, 0.028202
4.823117e-07, 0.025784
4.825117e-07, 0.025728
4.827118e-07, 0.026423
4.829118e-07, 0.027174
4.831118e-07, 0.028119
4.833118e-07, 0.027896
4.835117e-07, 0.028119
4.837117e-07, 0.026312
4.839117e-07, 0.026034
4.841118e-07, 0.025895
4.843118e-07, 0.025256
4.845118e-07, 0.025617
4.847118e-07, 0.022587
4.849117e-07, 0.022337
4.851117e-07, 0.022838
4.853117e-07, 0.024283
4.855118e-07, 0.025951
4.857118e-07, 0.026145
4.859118e-07, 0.025117
4.861118e-07, 0.022782
4.863117e-07, 0.018668
4.865117e-07, 0.015805
4.867117e-07, 0.017223
4.869118e-07, 0.018502
4.871118e-07, 0.020920
4.873118e-07, 0.023254
4.875118e-07, 0.028813
4.877117e-07, 0.031982
4.879117e-07, 0.027896
4.881117e-07, 0.023838
4.883118e-07, 0.023505
4.885118e-07, 0.022476
4.887118e-07, 0.022254
4.889118e-07, 0.020308
4.891117e-07, 0.018918
4.893117e-07, 0.020225
4.895117e-07, 0.021476
4.897118e-07, 0.020808
4.899118e-07, 0.023366
4.901118e-07, 0.021781
4.903118e-07, 0.018807
4.905117e-07, 0.018279
4.907117e-07, 0.017723
4.909117e-07, 0.016806
4.911118e-07, 0.018752
4.913118e-07, 0.020920
4.915118e-07, 0.021559
4.917118e-07, 0.020336
4.919117e-07, 0.018863
4.921117e-07, 0.017251
4.923117e-07, 0.015361
4.925118e-07, 0.016028
4.927118e-07, 0.016834
4.929118e-07, 0.017028
4.931118e-07, 0.016750
4.933117e-07, 0.016917
4.935117e-07, 0.017751
4.937117e-07, 0.017251
4.939118e-07, 0.015944
4.941118e-07, 0.012609
4.943118e-07, 0.012804
4.945118e-07, 0.013415
4.947117e-07, 0.012498
4.949117e-07, 0.012665
4.951117e-07, 0.012804
4.953118e-07, 0.012887
4.955118e-07, 0.014110
4.957118e-07, 0.014860
4.959118e-07, 0.012831
4.961117e-07, 0.011664
4.963117e-07, 0.009802
4.965117e-07, 0.009468
4.967118e-07, 0.008718
4.969118e-07, 0.009162
4.971118e-07, 0.009274
4.973118e-07, 0.007995
4.975117e-07, 0.009746
4.977117e-07, 0.009468
4.979117e-07, 0.007523
4.981118e-07, 0.009162
4.983118e-07, 0.008217
4.985118e-07, 0.007356
4.987118e-07, 0.008134
4.989117e-07, 0.007550
4.991117e-07, 0.007328
4.993117e-07, 0.006355
4.995117e-07, 0.005799
4.997118e-07, 0.005466
4.999118e-07, 0.006577
5.001118e-07, 0.006633
5.003118e-07, 0.005688
5.005117e-07, 0.003576
5.007117e-07, 0.002408
5.009117e-07, 0.005104
5.011118e-07, 0.008884
5.013118e-07, 0.012053
5.015118e-07, 0.011330
5.017118e-07, 0.009246
5.019117e-07, 0.008440
5.021117e-07, 0.005716
5.023117e-07, 0.005132
5.025118e-07, 0.008495
5.027118e-07, 0.010969
5.029118e-07, 0.013026
5.031118e-07, 0.016111
5.033117e-07, 0.017445
5.035117e-07, 0.018363
5.037117e-07, 0.017556
5.039118e-07, 0.017223
5.041118e-07, 0.018418
5.043118e-07, 0.016556
5.045118e-07, 0.014471
5.047117e-07, 0.014471
5.049117e-07, 0.016417
5.051117e-07, 0.018001
5.053118e-07, 0.018390
5.055118e-07, 0.018779
5.057118e-07, 0.018363
5.059118e-07, 0.019085
5.061117e-07, 0.017946
5.063117e-07, 0.017918
5.065117e-07, 0.017584
5.067118e-07, 0.018502
5.069118e-07, 0.019891
5.071118e-07, 0.020614
5.073118e-07, 0.022699
5.075117e-07, 0.024728
5.077117e-07, 0.024450
5.079117e-07, 0.025617
5.081118e-07, 0.028035
5.083118e-07, 0.027618
5.085118e-07, 0.026367
5.087118e-07, 0.027285
5.089117e-07, 0.028313
5.091117e-07, 0.029286
5.093117e-07, 0.030481
5.095118e-07, 0.031537
5.097118e-07, 0.031093
5.099118e-07, 0.030036
5.101118e-07, 0.030287
5.103117e-07, 0.029453
5.105117e-07, 0.028841
5.107117e-07, 0.028285
5.109118e-07, 0.029675
5.111118e-07, 0.028980
5.113118e-07, 0.028397
5.115118e-07, 0.029203
5.117117e-07, 0.029314
5.119117e-07, 0.029147
5.121117e-07, 0.029091
5.123118e-07, 0.027868
5.125118e-07, 0.026145
5.127118e-07, 0.026979
5.129118e-07, 0.026506
5.131117e-07, 0.025645
5.133117e-07, 0.027479
5.135117e-07, 0.027841
5.137118e-07, 0.028035
5.139118e-07, 0.027312
5.141118e-07, 0.027507
5.143118e-07, 0.025867
5.145117e-07, 0.024477
5.147117e-07, 0.023866
5.149117e-07, 0.021726
5.151118e-07, 0.023227
5.153118e-07, 0.025172
5.155118e-07, 0.026367
5.157118e-07, 0.026201
5.159117e-07, 0.024978
5.161117e-07, 0.022143
5.163117e-07, 0.019141
5.165118e-07, 0.016667
5.167118e-07, 0.015917
5.169118e-07, 0.017723
5.171118e-07, 0.019780
5.173117e-07, 0.021670
5.175117e-07, 0.027451
5.177117e-07, 0.031871
5.179118e-07, 0.029425
5.181118e-07, 0.024505
5.183118e-07, 0.023810
5.185118e-07, 0.022699
5.187117e-07, 0.020364
5.189117e-07, 0.019613
5.191117e-07, 0.019530
5.193118e-07, 0.020086
5.195118e-07, 0.021948
5.197118e-07, 0.020531
5.199118e-07, 0.020753
5.201117e-07, 0.021698
5.203117e-07, 0.019224
5.205117e-07, 0.017918
5.207118e-07, 0.017723
5.209118e-07, 0.016139
5.211118e-07, 0.017195
5.213118e-07, 0.019669
5.215117e-07, 0.019891
5.217117e-07, 0.019780
5.219117e-07, 0.018918
5.221118e-07, 0.016889
5.223118e-07, 0.015555
5.225118e-07, 0.014555
5.227118e-07, 0.014749
5.229117e-07, 0.016639
5.231117e-07, 0.017584
5.233117e-07, 0.018196
5.235118e-07, 0.017112
5.237118e-07, 0.016556
5.239118e-07, 0.015555
5.241118e-07, 0.014610
5.243117e-07, 0.013804
5.245117e-07, 0.014388
5.247117e-07, 0.014110
5.249118e-07, 0.012720
5.251118e-07, 0.013971
5.253118e-07, 0.014138
5.255118e-07, 0.014027
5.257117e-07, 0.014110
5.259117e-07, 0.013860
5.261117e-07, 0.012053
5.263118e-07, 0.010997
5.265118e-07, 0.009329
5.267118e-07, 0.008217
5.269118e-07, 0.007884
5.271117e-07, 0.009357
5.273117e-07, 0.009162
5.275117e-07, 0.011303
5.277118e-07, 0.011636
5.279118e-07, 0.009941
5.281118e-07, 0.009996
5.283118e-07, 0.009023
5.285118e-07, 0.008384
5.287117e-07, 0.007161
5.289117e-07, 0.007578
5.291117e-07, 0.007967
5.293118e-07, 0.007411
5.295118e-07, 0.006939
5.297118e-07, 0.006994
5.299118e-07, 0.007161
5.301117e-07, 0.007356
5.303117e-07, 0.007356
5.305117e-07, 0.004771
5.307118e-07, 0.002797
5.309118e-07, 0.002686
5.311118e-07, 0.007356
5.313118e-07, 0.010413
5.315117e-07, 0.010941
5.317117e-07, 0.008940
5.319117e-07, 0.008078
5.321118e-07, 0.005744
5.323118e-07, 0.003965
5.325118e-07, 0.008106
5.327118e-07, 0.010830
5.329117e-07, 0.014110
5.331117e-07, 0.015416
5.333117e-07, 0.016528
5.335118e-07, 0.017723
5.337118e-07, 0.016778
5.339118e-07, 0.017362
5.341118e-07, 0.017612
5.343117e-07, 0.017306
5.345117e-07, 0.016723
5.347117e-07, 0.015611
5.349118e-07, 0.017918
5.351118e-07, 0.019808
5.353118e-07, 0.020614
5.355118e-07, 0.021698
5.357117e-07, 0.023977
5.359117e-07, 0.023866
5.361117e-07, 0.025144
5.363118e-07, 0.026173
5.365118e-07, 0.025228
5.367118e-07, 0.025256
5.369118e-07, 0.028119
5.371117e-07, 0.029786
5.373117e-07, 0.031537
5.375117e-07, 0.031676
5.377118e-07, 0.030203
5.379118e-07, 0.032371
5.381118e-07, 0.034178
5.383118e-07, 0.035206
5.385117e-07, 0.034289
5.387117e-07, 0.033205
5.389117e-07, 0.033789
5.391118e-07, 0.035178
5.393118e-07, 0.035679
5.395118e-07, 0.035929
5.397118e-07, 0.034539
5.399117e-07, 0.035345
5.401117e-07, 0.035039
5.403117e-07, 0.034261
5.405118e-07, 0.033928
5.407118e-07, 0.032677
5.409118e-07, 0.033149
5.411118e-07, 0.033650
5.413117e-07, 0.033122
5.415117e-07, 0.034678
5.417117e-07, 0.033511
5.419118e-07, 0.033094
5.421118e-07, 0.032427
5.423118e-07, 0.032927
5.425118e-07, 0.032621
5.427117e-07, 0.031315
5.429117e-07, 0.031315
5.431117e-07, 0.031537
5.433118e-07, 0.032149
5.435118e-07, 0.033566
5.437118e-07, 0.032399
5.439118e-07, 0.030342
5.441117e-07, 0.030231
5.443117e-07, 0.030592
5.445117e-07, 0.029897
5.447118e-07, 0.027312
5.449118e-07, 0.026840
5.451118e-07, 0.028341
5.453118e-07, 0.029064
5.455117e-07, 0.030565
5.457117e-07, 0.030537
5.459117e-07, 0.029703
5.461118e-07, 0.027924
5.463118e-07, 0.022921
5.465118e-07, 0.019085
5.467118e-07, 0.020253
5.469117e-07, 0.021754
5.471117e-07, 0.024116
5.473117e-07, 0.024755
5.475118e-07, 0.028869
5.477118e-07, 0.036374
5.479118e-07, 0.034956
5.481118e-07, 0.028424
5.483117e-07, 0.027035
5.485117e-07, 0.026784
5.487117e-07, 0.024811
5.489118e-07, 0.023532
5.491118e-07, 0.023171
5.493118e-07, 0.024783
5.495118e-07, 0.025228
5.497117e-07, 0.024644
5.499117e-07, 0.024199
5.501117e-07, 0.024755
5.503118e-07, 0.023060
5.505118e-07, 0.020670
5.507118e-07, 0.020419
5.509118e-07, 0.020002
5.511117e-07, 0.020947
5.513117e-07, 0.022004
5.515117e-07, 0.023810
5.517118e-07, 0.024311
5.519118e-07, 0.021031
5.521118e-07, 0.018502
5.523118e-07, 0.018891
5.525117e-07, 0.017529
5.527117e-07, 0.016973
5.529117e-07, 0.019447
5.531118e-07, 0.019141
5.533118e-07, 0.018891
5.535118e-07, 0.018446
5.537118e-07, 0.018112
5.539117e-07, 0.018001
5.541117e-07, 0.017306
5.543117e-07, 0.016139
5.545118e-07, 0.016278
5.547118e-07, 0.015917
5.549118e-07, 0.014777
5.551118e-07, 0.014443
5.553117e-07, 0.015444
5.555117e-07, 0.016889
5.557117e-07, 0.017668
5.559118e-07, 0.016278
5.561118e-07, 0.014638
5.563118e-07, 0.013554
5.565118e-07, 0.013220
5.567118e-07, 0.011553
5.569117e-07, 0.010886
5.571117e-07, 0.012498
5.573118e-07, 0.011664
5.575118e-07, 0.011358
5.577118e-07, 0.012331
5.579118e-07, 0.012442
5.581118e-07, 0.011358
5.583117e-07, 0.009440
5.585117e-07, 0.009218
5.587118e-07, 0.009051
5.589118e-07, 0.009496
5.591118e-07, 0.009023
5.593118e-07, 0.008384
5.595118e-07, 0.008773
5.597117e-07, 0.009023
5.599117e-07, 0.009579
5.601117e-07, 0.009774
5.603118e-07, 0.008162
5.605118e-07, 0.006216
5.607118e-07, 0.004548
5.609118e-07, 0.006466
5.611117e-07, 0.009385
5.613117e-07, 0.011136
5.615117e-07, 0.012275
5.617118e-07, 0.011636
5.619118e-07, 0.010691
5.621118e-07, 0.007800
5.623118e-07, 0.006161
5.625117e-07, 0.008551
5.627117e-07, 0.011330
5.629117e-07, 0.015027
5.631118e-07, 0.017779
5.633118e-07, 0.018085
5.635118e-07, 0.019363
5.637118e-07, 0.019502
5.639117e-07, 0.019641
5.641117e-07, 0.020614
5.643117e-07, 0.019586
5.645118e-07, 0.017612
5.647118e-07, 0.019141
5.649118e-07, 0.019335
5.651118e-07, 0.020114
5.653117e-07, 0.021476
5.655117e-07, 0.022782
5.657117e-07, 0.023310
5.659118e-07, 0.022893
5.661118e-07, 0.023588
5.663118e-07, 0.022170
5.665118e-07, 0.021754
5.667117e-07, 0.022587
5.669117e-07, 0.024060
5.671117e-07, 0.026673
5.673118e-07, 0.028786
5.675118e-07, 0.028730
5.677118e-07, 0.029481
5.679118e-07, 0.029675
5.681117e-07, 0.031176
5.683117e-07, 0.031565
5.685117e-07, 0.031259
5.687118e-07, 0.030259
5.689118e-07, 0.032010
5.691118e-07, 0.033094
5.693118e-07, 0.035206
5.695117e-07, 0.035734
5.697117e-07, 0.033094
5.699117e-07, 0.032121
5.701118e-07, 0.033288
5.703118e-07, 0.032371
5.705118e-07, 0.030759
5.707118e-07, 0.029175
5.709117e-07, 0.029119
5.711117e-07, 0.029564
5.713117e-07, 0.030954
5.715118e-07, 0.032121
5.717118e-07, 0.030731
5.719118e-07, 0.030787
5.721118e-07, 0.030148
5.723117e-07, 0.029981
5.725117e-07, 0.029758
5.727117e-07, 0.029091
5.729118e-07, 0.027674
5.731118e-07, 0.028146
5.733118e-07, 0.029508
5.735118e-07, 0.029369
5.737117e-07, 0.028869
5.739117e-07, 0.028758
5.741117e-07, 0.029592
5.743118e-07, 0.028897
5.745118e-07, 0.029397
5.747118e-07, 0.027702
5.749118e-07, 0.026256
5.751117e-07, 0.026312
5.753117e-07, 0.026812
5.755117e-07, 0.029230
5.757118e-07, 0.029870
5.759118e-07, 0.029592
5.761118e-07, 0.026340
5.763118e-07, 0.023282
5.765117e-07, 0.019836
5.767117e-07, 0.018835
5.769117e-07, 0.020086
5.771118e-07, 0.023060
5.773118e-07, 0.025200
5.775118e-07, 0.027257
5.777118e-07, 0.032149
5.779117e-07, 0.034372
5.781117e-07, 0.029091
5.783117e-07, 0.026729
5.785118e-07, 0.026896
5.787118e-07, 0.025200
5.789118e-07, 0.022337
5.791118e-07, 0.020836
5.793117e-07, 0.023616
5.795117e-07, 0.025839
5.797117e-07, 0.024172
5.799118e-07, 0.023004
5.801118e-07, 0.023894
5.803118e-07, 0.023254
5.805118e-07, 0.019780
5.807117e-07, 0.019196
5.809117e-07, 0.018363
5.811117e-07, 0.018140
5.813118e-07, 0.021587
5.815118e-07, 0.022476
5.817118e-07, 0.021670
5.819118e-07, 0.021531
5.821117e-07, 0.018696
5.823117e-07, 0.017640
5.825117e-07, 0.018891
5.827118e-07, 0.018974
5.829118e-07, 0.018418
5.831118e-07, 0.017723
5.833118e-07, 0.017306
5.835117e-07, 0.019169
5.837117e-07, 0.018001
5.839117e-07, 0.017612
5.841118e-07, 0.017390
5.843118e-07, 0.016834
5.845118e-07, 0.015666
5.847118e-07, 0.014249
5.849118e-07, 0.014777
5.851117e-07, 0.014610
5.853117e-07, 0.014721
5.855118e-07, 0.015250
5.857118e-07, 0.014555
5.859118e-07, 0.014805
5.861118e-07, 0.015444
5.863118e-07, 0.013943
5.865117e-07, 0.012275
5.867117e-07, 0.011330
5.869118e-07, 0.009802
5.871118e-07, 0.011859
5.873118e-07, 0.012109
5.875118e-07, 0.012081
5.877118e-07, 0.013387
5.879117e-07, 0.013081
5.881117e-07, 0.011970
5.883118e-07, 0.011025
5.885118e-07, 0.008356
5.887118e-07, 0.007856
5.889118e-07, 0.008857
5.891118e-07, 0.008912
5.893117e-07, 0.008745
5.895117e-07, 0.008440
5.897117e-07, 0.008023
5.899118e-07, 0.008384
5.901118e-07, 0.008217
5.903118e-07, 0.008190
5.905118e-07, 0.007439
5.907117e-07, 0.004826
5.909117e-07, 0.004576
5.911117e-07, 0.007634
5.913118e-07, 0.010747
5.915118e-07, 0.011136
5.917118e-07, 0.010358
5.919118e-07, 0.009079
5.921117e-07, 0.008190
5.923117e-07, 0.004910
5.925117e-07, 0.006939
5.927118e-07, 0.010608
5.929118e-07, 0.012526
5.931118e-07, 0.014721
5.933118e-07, 0.017251
5.935117e-07, 0.018585
5.937117e-07, 0.016778
5.939117e-07, 0.016250
5.941118e-07, 0.018196
5.943118e-07, 0.019335
5.945118e-07, 0.019863
5.947118e-07, 0.019502
5.949117e-07, 0.020419
5.951117e-07, 0.023227
5.953117e-07, 0.024477
5.955118e-07, 0.025395
5.957118e-07, 0.025700
5.959118e-07, 0.026006
5.961118e-07, 0.026840
5.963117e-07, 0.025978
5.965117e-07, 0.024366
5.967117e-07, 0.025144
5.969118e-07, 0.027090
5.971118e-07, 0.030259
5.973118e-07, 0.032566
5.975118e-07, 0.032899
5.977117e-07, 0.033010
5.979117e-07, 0.034789
5.981117e-07, 0.034261
5.983118e-07, 0.035012
5.985118e-07, 0.036235
5.987118e-07, 0.035651
5.989118e-07, 0.034956
5.991117e-07, 0.036513
5.993117e-07, 0.038180
5.995117e-07, 0.039598
5.997118e-07, 0.040376
5.999118e-07, 0.038792
6.001118e-07, 0.037041
6.003118e-07, 0.038375
6.005117e-07, 0.037819
6.007117e-07, 0.035818
6.009117e-07, 0.035762
6.011118e-07, 0.036429
6.013118e-07, 0.036207
6.015118e-07, 0.038153
6.017118e-07, 0.037263
6.019117e-07, 0.036596
6.021117e-07, 0.036707
6.023117e-07, 0.036179
6.025118e-07, 0.034511
6.027118e-07, 0.032427
6.029118e-07, 0.033122
6.031118e-07, 0.033650
6.033117e-07, 0.033010
6.035117e-07, 0.032594
6.037117e-07, 0.032983
6.039118e-07, 0.032177
6.041118e-07, 0.030009
6.043118e-07, 0.030203
6.045118e-07, 0.029508
6.047117e-07, 0.027368
6.049117e-07, 0.026534
6.051117e-07, 0.025978
6.053118e-07, 0.026979
6.055118e-07, 0.028952
6.057118e-07, 0.030426
6.059118e-07, 0.029453
6.061117e-07, 0.026562
6.063117e-07, 0.024033
6.065117e-07, 0.020392
6.067118e-07, 0.017834
6.069118e-07, 0.018557
6.071118e-07, 0.022031
6.073118e-07, 0.024172
6.075117e-07, 0.026284
6.077117e-07, 0.029953
6.079117e-07, 0.033288
6.081118e-07, 0.029592
6.083118e-07, 0.026367
6.085118e-07, 0.025450
6.087118e-07, 0.023783
6.089117e-07, 0.023282
6.091117e-07, 0.022421
6.093117e-07, 0.023338
6.095118e-07, 0.024894
6.097118e-07, 0.024116
6.099118e-07, 0.024088
6.101118e-07, 0.024839
6.103117e-07, 0.023032
6.105117e-07, 0.020892
6.107117e-07, 0.020670
6.109118e-07, 0.020253
6.111118e-07, 0.021114
6.113118e-07, 0.022004
6.115118e-07, 0.024561
6.117117e-07, 0.024700
6.119117e-07, 0.024172
6.121117e-07, 0.022643
6.123118e-07, 0.019474
6.125118e-07, 0.018974
6.127118e-07, 0.018168
6.129118e-07, 0.020086
6.131118e-07, 0.020197
6.133117e-07, 0.019808
6.135117e-07, 0.020308
6.137118e-07, 0.019391
6.139118e-07, 0.019752
6.141118e-07, 0.018863
6.143118e-07, 0.017834
6.145118e-07, 0.015527
6.147117e-07, 0.015111
6.149117e-07, 0.014360
6.151118e-07, 0.014277
6.153118e-07, 0.014610
6.155118e-07, 0.016139
6.157118e-07, 0.017084
6.159118e-07, 0.017140
6.161117e-07, 0.015666
6.163117e-07, 0.013220
6.165118e-07, 0.010580
6.167118e-07, 0.010385
6.169118e-07, 0.010663
6.171118e-07, 0.010219
6.173118e-07, 0.009440
6.175117e-07, 0.011525
6.177117e-07, 0.011219
6.179118e-07, 0.011052
6.181118e-07, 0.010552
6.183118e-07, 0.009107
6.185118e-07, 0.008023
6.187118e-07, 0.007467
6.189117e-07, 0.008078
6.191117e-07, 0.009385
6.193118e-07, 0.008440
6.195118e-07, 0.007773
6.197118e-07, 0.006244
6.199118e-07, 0.007411
6.201118e-07, 0.009301
6.203117e-07, 0.009107
6.205117e-07, 0.006828
6.207117e-07, 0.003325
6.209118e-07, 0.002631
6.211118e-07, 0.006411
6.213118e-07, 0.011942
6.215118e-07, 0.012248
6.217117e-07, 0.011581
6.219117e-07, 0.011386
6.221117e-07, 0.009440
6.223118e-07, 0.006133
6.225118e-07, 0.007634
6.227118e-07, 0.012387
6.229118e-07, 0.016528
6.231117e-07, 0.019224
6.233117e-07, 0.019975
6.235117e-07, 0.022254
6.237118e-07, 0.022226
6.239118e-07, 0.019641
6.241118e-07, 0.019724
6.243118e-07, 0.020975
6.245117e-07, 0.019891
6.247117e-07, 0.017418
6.249117e-07, 0.017056
6.251118e-07, 0.017779
6.253118e-07, 0.018557
6.255118e-07, 0.020058
6.257118e-07, 0.021142
6.259117e-07, 0.021253
6.261117e-07, 0.020947
6.263117e-07, 0.020253
6.265118e-07, 0.018779
6.267118e-07, 0.019196
6.269118e-07, 0.021364
6.271118e-07, 0.023310
6.273117e-07, 0.025228
6.275117e-07, 0.026367
6.277117e-07, 0.026062
6.279118e-07, 0.026201
6.281118e-07, 0.026979
6.283118e-07, 0.026284
6.285118e-07, 0.027062
6.287117e-07, 0.027924
6.289117e-07, 0.027924
6.291117e-07, 0.029675
6.293118e-07, 0.030676
6.295118e-07, 0.030787
6.297118e-07, 0.031426
6.299118e-07, 0.031120
6.301117e-07, 0.031649
6.303117e-07, 0.031954
6.305117e-07, 0.029314
6.307118e-07, 0.028007
6.309118e-07, 0.027146
6.311118e-07, 0.029369
6.313118e-07, 0.029286
6.315117e-07, 0.030175
6.317117e-07, 0.030759
6.319117e-07, 0.030342
6.321118e-07, 0.029342
6.323118e-07, 0.027785
6.325118e-07, 0.026451
6.327118e-07, 0.026923
6.329117e-07, 0.026896
6.331117e-07, 0.027590
6.333117e-07, 0.027980
6.335118e-07, 0.028424
6.337118e-07, 0.027924
6.339118e-07, 0.026729
6.341118e-07, 0.027424
6.343117e-07, 0.025923
6.345117e-07, 0.026006
6.347117e-07, 0.025951
6.349118e-07, 0.024644
6.351118e-07, 0.024450
6.353118e-07, 0.025283
6.355118e-07, 0.026590
6.357117e-07, 0.027062
6.359117e-07, 0.026757
6.361117e-07, 0.026173
6.363118e-07, 0.022504
6.365118e-07, 0.019474
6.367118e-07, 0.017001
6.369118e-07, 0.015750
6.371117e-07, 0.018918
6.373117e-07, 0.021420
6.375117e-07, 0.023338
6.377118e-07, 0.028146
6.379118e-07, 0.032649
6.381118e-07, 0.029508
6.383118e-07, 0.025450
6.385117e-07, 0.024060
6.387117e-07, 0.023727
6.389117e-07, 0.022115
6.391118e-07, 0.020670
6.393118e-07, 0.019252
6.395118e-07, 0.021309
6.397118e-07, 0.024005
6.399117e-07, 0.023421
6.401117e-07, 0.023143
6.403117e-07, 0.021003
6.405118e-07, 0.019724
6.407118e-07, 0.018418
6.409118e-07, 0.018335
6.411118e-07, 0.017612
6.413118e-07, 0.018557
6.415117e-07, 0.020002
6.417117e-07, 0.020447
6.419118e-07, 0.020308
6.421118e-07, 0.018863
6.423118e-07, 0.017556
6.425118e-07, 0.017084
6.427118e-07, 0.016528
6.429117e-07, 0.018335
6.431117e-07, 0.019530
6.433118e-07, 0.017306
6.435118e-07, 0.016167
6.437118e-07, 0.016528
6.439118e-07, 0.017167
6.441118e-07, 0.015694
6.443117e-07, 0.014916
6.445117e-07, 0.014388
6.447118e-07, 0.013109
6.449118e-07, 0.012526
6.451118e-07, 0.013498
6.453118e-07, 0.014304
6.455118e-07, 0.015611
6.457117e-07, 0.015861
6.459117e-07, 0.015250
6.461118e-07, 0.014443
6.463118e-07, 0.014138
6.465118e-07, 0.012859
6.467118e-07, 0.011108
6.469118e-07, 0.011303
6.471117e-07, 0.012887
6.473117e-07, 0.011164
6.475118e-07, 0.011386
6.477118e-07, 0.012609
6.479118e-07, 0.012053
6.481118e-07, 0.010691
6.483118e-07, 0.009107
6.485117e-07, 0.008662
6.487117e-07, 0.008745
6.489118e-07, 0.009635
6.491118e-07, 0.010246
6.493118e-07, 0.009357
6.495118e-07, 0.008190
6.497118e-07, 0.006327
6.499117e-07, 0.007439
6.501117e-07, 0.008440
6.503117e-07, 0.007161
6.505118e-07, 0.006383
6.507118e-07, 0.004243
6.509118e-07, 0.002797
6.511118e-07, 0.006188
6.513117e-07, 0.008996
6.515117e-07, 0.011303
6.517117e-07, 0.010107
6.519118e-07, 0.008412
6.521118e-07, 0.008412
6.523118e-07, 0.005410
6.525118e-07, 0.004882
6.527117e-07, 0.011025
6.529117e-07, 0.014332
6.531117e-07, 0.015277
6.533118e-07, 0.017195
6.535118e-07, 0.020280
6.537118e-07, 0.020086
6.539118e-07, 0.019141
6.541117e-07, 0.018696
6.543117e-07, 0.020419
6.545117e-07, 0.019252
6.547118e-07, 0.016667
6.549118e-07, 0.016472
6.551118e-07, 0.017556
6.553118e-07, 0.018585
6.555117e-07, 0.019419
6.557117e-07, 0.020558
6.559117e-07, 0.021003
6.561118e-07, 0.020447
6.563118e-07, 0.020086
6.565118e-07, 0.020586
6.567118e-07, 0.019002
6.569117e-07, 0.019308
6.571117e-07, 0.021253
6.573117e-07, 0.023755
6.575118e-07, 0.025256
6.577118e-07, 0.024589
6.579118e-07, 0.025728
6.581118e-07, 0.026590
6.583117e-07, 0.028285
6.585117e-07, 0.028091
6.587117e-07, 0.027952
6.589118e-07, 0.028619
6.591118e-07, 0.031315
6.593118e-07, 0.030954
6.595118e-07, 0.031009
6.597117e-07, 0.030259
6.599117e-07, 0.030842
6.601117e-07, 0.030731
6.603118e-07, 0.030148
6.605118e-07, 0.030231
6.607118e-07, 0.030231
6.609118e-07, 0.028786
6.611117e-07, 0.027674
6.613117e-07, 0.029397
6.615117e-07, 0.030314
6.617118e-07, 0.030314
6.619118e-07, 0.030703
6.621118e-07, 0.029342
6.623118e-07, 0.027841
6.625117e-07, 0.026201
6.627117e-07, 0.025839
6.629117e-07, 0.026423
6.631118e-07, 0.028869
6.633118e-07, 0.029008
6.635118e-07, 0.028813
6.637118e-07, 0.027396
6.639117e-07, 0.027646
6.641117e-07, 0.027201
6.643117e-07, 0.027035
6.645118e-07, 0.026423
6.647118e-07, 0.025061
6.649118e-07, 0.023949
6.651118e-07, 0.022810
6.653117e-07, 0.023922
6.655117e-07, 0.024811
6.657117e-07, 0.026757
6.659118e-07, 0.026451
6.661118e-07, 0.024839
6.663118e-07, 0.023421
6.665118e-07, 0.019252
6.667117e-07, 0.016056
6.669117e-07, 0.017140
6.671117e-07, 0.019474
6.673118e-07, 0.020280
6.675118e-07, 0.022810
6.677118e-07, 0.026757
6.679118e-07, 0.032677
6.681117e-07, 0.029119
6.683117e-07, 0.024060
6.685117e-07, 0.025200
6.687118e-07, 0.023755
6.689118e-07, 0.021948
6.691118e-07, 0.021225
6.693118e-07, 0.019863
6.695118e-07, 0.021364
6.697117e-07, 0.023616
6.699117e-07, 0.023477
6.701118e-07, 0.022699
6.703118e-07, 0.021892
6.705118e-07, 0.019836
6.707118e-07, 0.018585
6.709118e-07, 0.018112
6.711117e-07, 0.018196
6.713117e-07, 0.020475
6.715118e-07, 0.020475
6.717118e-07, 0.021531
6.719118e-07, 0.020836
6.721118e-07, 0.018835
6.723118e-07, 0.017112
6.725117e-07, 0.017056
6.727117e-07, 0.018779
6.729118e-07, 0.017473
6.731118e-07, 0.016889
6.733118e-07, 0.017529
6.735118e-07, 0.016750
6.737118e-07, 0.017279
6.739117e-07, 0.016750
6.741117e-07, 0.015500
6.743118e-07, 0.014443
6.745118e-07, 0.013915
6.747118e-07, 0.012331
6.749118e-07, 0.012943
6.751118e-07, 0.014388
6.753117e-07, 0.014221
6.755117e-07, 0.014555
6.757118e-07, 0.014999
6.759118e-07, 0.015889
6.761118e-07, 0.015444
6.763118e-07, 0.012915
6.765118e-07, 0.010969
6.767117e-07, 0.010802
6.769117e-07, 0.009802
6.771118e-07, 0.009941
6.773118e-07, 0.010802
6.775118e-07, 0.010858
6.777118e-07, 0.010830
6.779118e-07, 0.011942
6.781117e-07, 0.010830
6.783117e-07, 0.009357
6.785118e-07, 0.008773
6.787118e-07, 0.006939
6.789118e-07, 0.007133
6.791118e-07, 0.009440
6.793118e-07, 0.007912
6.795117e-07, 0.006911
6.797117e-07, 0.006661
6.799118e-07, 0.005799
6.801118e-07, 0.007078
6.803118e-07, 0.007328
6.805118e-07, 0.005744
6.807118e-07, 0.004465
6.809117e-07, 0.003298
6.811117e-07, 0.004632
6.813117e-07, 0.008884
6.815118e-07, 0.010913
6.817118e-07, 0.010580
6.819118e-07, 0.009079
6.821118e-07, 0.009079
6.823117e-07, 0.007523
6.825117e-07, 0.005660
6.827117e-07, 0.009301
6.829118e-07, 0.012720
6.831118e-07, 0.016334
6.833118e-07, 0.016306
6.835118e-07, 0.018112
6.837117e-07, 0.019586
6.839117e-07, 0.018251
6.841117e-07, 0.017445
6.843118e-07, 0.018085
6.845118e-07, 0.016695
6.847118e-07, 0.015555
6.849118e-07, 0.014471
6.851117e-07, 0.015917
6.853117e-07, 0.017306
6.855117e-07, 0.017640
6.857118e-07, 0.018807
6.859118e-07, 0.020058
6.861118e-07, 0.020169
6.863118e-07, 0.019641
6.865117e-07, 0.017668
6.867117e-07, 0.018363
6.869117e-07, 0.019196
6.871118e-07, 0.021754
6.873118e-07, 0.023282
6.875118e-07, 0.025450
6.877118e-07, 0.026284
6.879117e-07, 0.026145
6.881117e-07, 0.026256
6.883117e-07, 0.027257
6.885118e-07, 0.027813
6.887118e-07, 0.027646
6.889118e-07, 0.028174
6.891118e-07, 0.029119
6.893117e-07, 0.030787
6.895117e-07, 0.032983
6.897117e-07, 0.031954
6.899118e-07, 0.032065
6.901118e-07, 0.031621
6.903118e-07, 0.030815
6.905118e-07, 0.030870
6.907117e-07, 0.029592
6.909117e-07, 0.030092
6.911117e-07, 0.030676
6.913118e-07, 0.029675
6.915118e-07, 0.030092
6.917118e-07, 0.031815
6.919118e-07, 0.031398
6.921117e-07, 0.030120
6.923117e-07, 0.029369
6.925117e-07, 0.028452
6.927118e-07, 0.028119
6.929118e-07, 0.027980
6.931118e-07, 0.027229
6.933118e-07, 0.027674
6.935117e-07, 0.029925
6.937117e-07, 0.028952
6.939117e-07, 0.028091
6.941118e-07, 0.026951
6.943118e-07, 0.026451
6.945118e-07, 0.027007
6.947118e-07, 0.025367
6.949117e-07, 0.024088
6.951117e-07, 0.022393
6.953117e-07, 0.023366
6.955118e-07, 0.024700
6.957118e-07, 0.024978
6.959118e-07, 0.025923
6.961118e-07, 0.026312
6.963117e-07, 0.024366
6.965117e-07, 0.021253
6.967117e-07, 0.017501
6.969118e-07, 0.016417
6.971118e-07, 0.018474
6.973118e-07, 0.019947
6.975118e-07, 0.021420
6.977118e-07, 0.024644
6.979117e-07, 0.031537
6.981117e-07, 0.031565
6.983118e-07, 0.026367
6.985118e-07, 0.024644
6.987118e-07, 0.023616
6.989118e-07, 0.022615
6.991118e-07, 0.020475
6.993117e-07, 0.020058
6.995117e-07, 0.022282
6.997118e-07, 0.023560
6.999118e-07, 0.022949
7.001118e-07, 0.022949
7.003118e-07, 0.023366
7.005118e-07, 0.020419
7.007117e-07, 0.018974
7.009117e-07, 0.019002
7.011118e-07, 0.017807
7.013118e-07, 0.017890
7.015118e-07, 0.021003
7.017118e-07, 0.020753
7.019118e-07, 0.021309
7.021117e-07, 0.019808
7.023117e-07, 0.017918
7.025118e-07, 0.017001
7.027118e-07, 0.016750
7.029118e-07, 0.017751
7.031118e-07, 0.018307
7.033118e-07, 0.016472
7.035117e-07, 0.017306
7.037117e-07, 0.017612
7.039118e-07, 0.016695
7.041118e-07, 0.015250
7.043118e-07, 0.015416
7.045118e-07, 0.015194
7.047118e-07, 0.014499
7.049117e-07, 0.014777
7.051117e-07, 0.013582
7.053118e-07, 0.013332
7.055118e-07, 0.013693
7.057118e-07, 0.014860
7.059118e-07, 0.014860
7.061118e-07, 0.015194
7.063117e-07, 0.013721
7.065117e-07, 0.012804
7.067118e-07, 0.010274
7.069118e-07, 0.010107
7.071118e-07, 0.010191
7.073118e-07, 0.010441
7.075118e-07, 0.011108
7.077117e-07, 0.011164
7.079117e-07, 0.011720
7.081118e-07, 0.010080
7.083118e-07, 0.009663
7.085118e-07, 0.009913
7.087118e-07, 0.007384
7.089118e-07, 0.006633
7.091117e-07, 0.008884
7.093117e-07, 0.008884
7.095118e-07, 0.006911
7.097118e-07, 0.008662
7.099118e-07, 0.008495
7.101118e-07, 0.007745
7.103118e-07, 0.007189
7.105117e-07, 0.007050
7.107117e-07, 0.005104
7.109117e-07, 0.002825
7.111118e-07, 0.003881
7.113118e-07, 0.007495
7.115118e-07, 0.010886
7.117118e-07, 0.012414
7.119117e-07, 0.010636
7.121117e-07, 0.010719
7.123117e-07, 0.008384
7.125118e-07, 0.005744
7.127118e-07, 0.010830
7.129118e-07, 0.015694
7.131118e-07, 0.016139
7.133117e-07, 0.016639
7.135117e-07, 0.020280
7.137117e-07, 0.022115
7.139118e-07, 0.021253
7.141118e-07, 0.019502
7.143118e-07, 0.021476
7.145118e-07, 0.020753
7.147117e-07, 0.018752
7.149117e-07, 0.017695
7.151117e-07, 0.017223
7.153118e-07, 0.017334
7.155118e-07, 0.019169
7.157118e-07, 0.019724
7.159118e-07, 0.020975
7.161117e-07, 0.020753
7.163117e-07, 0.020475
7.165117e-07, 0.018946
7.167118e-07, 0.019002
7.169118e-07, 0.021225
7.171118e-07, 0.023421
7.173118e-07, 0.024311
7.175117e-07, 0.025450
7.177117e-07, 0.027062
7.179117e-07, 0.028258
7.181118e-07, 0.028869
7.183118e-07, 0.028035
7.185118e-07, 0.027924
7.187118e-07, 0.027729
7.189117e-07, 0.028480
7.191117e-07, 0.029925
7.193117e-07, 0.031176
7.195118e-07, 0.031287
7.197118e-07, 0.031510
7.199118e-07, 0.031371
7.201118e-07, 0.031343
7.203117e-07, 0.031926
7.205117e-07, 0.030842
7.207117e-07, 0.030731
7.209118e-07, 0.030648
7.211118e-07, 0.029814
7.213118e-07, 0.030481
7.215118e-07, 0.031676
7.217117e-07, 0.031482
7.219117e-07, 0.030703
7.221117e-07, 0.030342
7.223118e-07, 0.030203
7.225118e-07, 0.028925
7.227118e-07, 0.028146
7.229118e-07, 0.026506
7.231117e-07, 0.027757
7.233117e-07, 0.028535
7.235117e-07, 0.027674
7.237118e-07, 0.028063
7.239118e-07, 0.028146
7.241118e-07, 0.026923
7.243118e-07, 0.026812
7.245117e-07, 0.027563
7.247117e-07, 0.026590
7.249117e-07, 0.024450
7.251118e-07, 0.023199
7.253118e-07, 0.022448
7.255118e-07, 0.024283
7.257118e-07, 0.025478
7.259118e-07, 0.026062
7.261117e-07, 0.025756
7.263117e-07, 0.024616
7.265118e-07, 0.021698
7.267118e-07, 0.016750
7.269118e-07, 0.015416
7.271118e-07, 0.018196
7.273118e-07, 0.020670
7.275117e-07, 0.023282
7.277117e-07, 0.026062
7.279118e-07, 0.031232
7.281118e-07, 0.032649
7.283118e-07, 0.027035
7.285118e-07, 0.023894
7.287118e-07, 0.024894
7.289117e-07, 0.023310
7.291117e-07, 0.021142
7.293118e-07, 0.020336
7.295118e-07, 0.022615
7.297118e-07, 0.022893
7.299118e-07, 0.023004
7.301118e-07, 0.024005
7.303117e-07, 0.024060
7.305117e-07, 0.020586
7.307118e-07, 0.018112
7.309118e-07, 0.019669
7.311118e-07, 0.018891
7.313118e-07, 0.017918
7.315118e-07, 0.020531
7.317117e-07, 0.022337
7.319117e-07, 0.021587
7.321118e-07, 0.019641
7.323118e-07, 0.017834
7.325118e-07, 0.017501
7.327118e-07, 0.016222
7.329118e-07, 0.016139
7.331117e-07, 0.016973
7.333117e-07, 0.016945
7.335118e-07, 0.016750
7.337118e-07, 0.017918
7.339118e-07, 0.018140
7.341118e-07, 0.017251
7.343118e-07, 0.014749
7.345117e-07, 0.014833
7.347117e-07, 0.014138
7.349118e-07, 0.013693
7.351118e-07, 0.014332
7.353118e-07, 0.012637
7.355118e-07, 0.012748
7.357118e-07, 0.014332
7.359117e-07, 0.014360
7.361117e-07, 0.015361
7.363118e-07, 0.013054
7.365118e-07, 0.011914
7.367118e-07, 0.011469
7.369118e-07, 0.009496
7.371118e-07, 0.008773
7.373117e-07, 0.008662
7.375117e-07, 0.009524
7.377118e-07, 0.008607
7.379118e-07, 0.011219
7.381118e-07, 0.012581
7.383118e-07, 0.010608
7.385118e-07, 0.008078
7.387117e-07, 0.007050
7.389117e-07, 0.006772
7.391118e-07, 0.007884
7.393118e-07, 0.008829
7.395118e-07, 0.007773
7.397118e-07, 0.005938
7.399118e-07, 0.006883
7.401117e-07, 0.008857
7.403117e-07, 0.008051
7.405118e-07, 0.007661
7.407118e-07, 0.005049
7.409118e-07, 0.003464
7.411118e-07, 0.003798
7.413118e-07, 0.007050
7.415117e-07, 0.010913
7.417117e-07, 0.011247
7.419117e-07, 0.010636
7.421118e-07, 0.010385
7.423118e-07, 0.008217
7.425118e-07, 0.006049
7.427118e-07, 0.008745
7.429117e-07, 0.013804
7.431117e-07, 0.017501
7.433117e-07, 0.016862
7.435118e-07, 0.018001
7.437118e-07, 0.020586
7.439118e-07, 0.020642
7.441118e-07, 0.018640
7.443117e-07, 0.019474
7.445117e-07, 0.019363
7.447117e-07, 0.016083
7.449118e-07, 0.015388
7.451118e-07, 0.016639
7.453118e-07, 0.017390
7.455118e-07, 0.017779
7.457117e-07, 0.018918
7.459117e-07, 0.019891
7.461117e-07, 0.018585
7.463118e-07, 0.019252
7.465118e-07, 0.018224
7.467118e-07, 0.017890
7.469118e-07, 0.017556
7.471117e-07, 0.019641
7.473117e-07, 0.021253
7.475117e-07, 0.022143
7.477118e-07, 0.024060
7.479118e-07, 0.024811
7.481118e-07, 0.025728
7.483118e-07, 0.026590
7.485117e-07, 0.028535
7.487117e-07, 0.028285
7.489117e-07, 0.028285
7.491118e-07, 0.028702
7.493118e-07, 0.029508
7.495118e-07, 0.030815
7.497118e-07, 0.030898
7.499117e-07, 0.030537
7.501117e-07, 0.030620
7.503117e-07, 0.031009
7.505118e-07, 0.030453
7.507118e-07, 0.028730
7.509118e-07, 0.028369
7.511118e-07, 0.028007
7.513117e-07, 0.027813
7.515117e-07, 0.029814
7.517117e-07, 0.030648
7.519118e-07, 0.030926
7.521118e-07, 0.029481
7.523118e-07, 0.029064
7.525118e-07, 0.027896
7.527117e-07, 0.026784
7.529117e-07, 0.027340
7.531117e-07, 0.027257
7.533118e-07, 0.026951
7.535118e-07, 0.027590
7.537118e-07, 0.028174
7.539118e-07, 0.028091
7.541118e-07, 0.027090
7.543117e-07, 0.026312
7.545117e-07, 0.026757
7.547118e-07, 0.024811
7.549118e-07, 0.023338
7.551118e-07, 0.024144
7.553118e-07, 0.022393
7.555118e-07, 0.023616
7.557117e-07, 0.025645
7.559117e-07, 0.027396
7.561118e-07, 0.026896
7.563118e-07, 0.025756
7.565118e-07, 0.021059
7.567118e-07, 0.017779
7.569118e-07, 0.016667
7.571117e-07, 0.017640
7.573117e-07, 0.019391
7.575118e-07, 0.021698
7.577118e-07, 0.023894
7.579118e-07, 0.028897
7.581118e-07, 0.031232
7.583118e-07, 0.027952
7.585117e-07, 0.024755
7.587117e-07, 0.023338
7.589118e-07, 0.022170
7.591118e-07, 0.021114
7.593118e-07, 0.019057
7.595118e-07, 0.020197
7.597118e-07, 0.022226
7.599117e-07, 0.021976
7.601117e-07, 0.022976
7.603118e-07, 0.023922
7.605118e-07, 0.021420
7.607118e-07, 0.018418
7.609118e-07, 0.017890
7.611118e-07, 0.017473
7.613117e-07, 0.017140
7.615117e-07, 0.019891
7.617118e-07, 0.021754
7.619118e-07, 0.022754
7.621118e-07, 0.020725
7.623118e-07, 0.017918
7.625118e-07, 0.016695
7.627117e-07, 0.016250
7.629117e-07, 0.016750
7.631118e-07, 0.018168
7.633118e-07, 0.018168
7.635118e-07, 0.018418
7.637118e-07, 0.018807
7.639118e-07, 0.017918
7.641117e-07, 0.017251
7.643117e-07, 0.015500
7.645118e-07, 0.014527
7.647118e-07, 0.014416
7.649118e-07, 0.014721
7.651118e-07, 0.014666
7.653118e-07, 0.014694
7.655117e-07, 0.013999
7.657117e-07, 0.015305
7.659118e-07, 0.015055
7.661118e-07, 0.013804
7.663118e-07, 0.012442
7.665118e-07, 0.011442
7.667118e-07, 0.011191
7.669117e-07, 0.010135
7.671117e-07, 0.009941
7.673118e-07, 0.009274
7.675118e-07, 0.010580
7.677118e-07, 0.010691
7.679118e-07, 0.011080
7.681118e-07, 0.011469
7.683117e-07, 0.010636
7.685117e-07, 0.010191
7.687118e-07, 0.007356
7.689118e-07, 0.007106
7.691118e-07, 0.009913
7.693118e-07, 0.010469
7.695118e-07, 0.008495
7.697117e-07, 0.006605
7.699117e-07, 0.006300
7.701118e-07, 0.007161
7.703118e-07, 0.006689
7.705118e-07, 0.007189
7.707118e-07, 0.006327
7.709118e-07, 0.004660
7.711117e-07, 0.004660
7.713117e-07, 0.005243
7.715117e-07, 0.010024
7.717118e-07, 0.011219
7.719118e-07, 0.009385
7.721118e-07, 0.008634
7.723118e-07, 0.007717
7.725117e-07, 0.005493
7.727117e-07, 0.006883
7.729117e-07, 0.011914
7.731118e-07, 0.014471
7.733118e-07, 0.015250
7.735118e-07, 0.017167
7.737118e-07, 0.018585
7.739117e-07, 0.019030
7.741117e-07, 0.016556
7.743117e-07, 0.017612
7.745118e-07, 0.018140
7.747118e-07, 0.016445
7.749118e-07, 0.015666
7.751118e-07, 0.016083
7.753117e-07, 0.016945
7.755117e-07, 0.018752
7.757117e-07, 0.018946
7.759118e-07, 0.019613
7.761118e-07, 0.020169
7.763118e-07, 0.019391
7.765118e-07, 0.018307
7.767117e-07, 0.018891
7.769117e-07, 0.019919
7.771117e-07, 0.020364
7.773118e-07, 0.021448
7.775118e-07, 0.023810
7.777118e-07, 0.025534
7.779118e-07, 0.026117
7.781117e-07, 0.026923
7.783117e-07, 0.027257
7.785117e-07, 0.027757
7.787118e-07, 0.027785
7.789118e-07, 0.028035
7.791118e-07, 0.028452
7.793118e-07, 0.029147
7.795117e-07, 0.030731
7.797117e-07, 0.030231
7.799117e-07, 0.031148
7.801118e-07, 0.031593
7.803118e-07, 0.030703
7.805118e-07, 0.029481
7.807118e-07, 0.029091
7.809117e-07, 0.027702
7.811117e-07, 0.028063
7.813117e-07, 0.028452
7.815118e-07, 0.029203
7.817118e-07, 0.029814
7.819118e-07, 0.029981
7.821118e-07, 0.030092
7.823118e-07, 0.028285
7.825117e-07, 0.028341
7.827117e-07, 0.027090
7.829118e-07, 0.026812
7.831118e-07, 0.027312
7.833118e-07, 0.026673
7.835118e-07, 0.027702
7.837118e-07, 0.028535
7.839117e-07, 0.028119
7.841117e-07, 0.027952
7.843118e-07, 0.026117
7.845118e-07, 0.026090
7.847118e-07, 0.025283
7.849118e-07, 0.024533
7.851118e-07, 0.024060
7.853117e-07, 0.022532
7.855117e-07, 0.024144
7.857118e-07, 0.026451
7.859118e-07, 0.026979
7.861118e-07, 0.026367
7.863118e-07, 0.024922
7.865118e-07, 0.020697
7.867117e-07, 0.015972
7.869117e-07, 0.014416
7.871118e-07, 0.016639
7.873118e-07, 0.017306
7.875118e-07, 0.020558
7.877118e-07, 0.023032
7.879118e-07, 0.027590
7.881117e-07, 0.032177
7.883117e-07, 0.028341
7.885118e-07, 0.024033
7.887118e-07, 0.024199
7.889118e-07, 0.022921
7.891118e-07, 0.021670
7.893118e-07, 0.020308
7.895117e-07, 0.019863
7.897117e-07, 0.021892
7.899118e-07, 0.023310
7.901118e-07, 0.021531
7.903118e-07, 0.021420
7.905118e-07, 0.020364
7.907118e-07, 0.018696
7.909117e-07, 0.018891
7.911117e-07, 0.018029
7.913118e-07, 0.015694
7.915118e-07, 0.019085
7.917118e-07, 0.021003
7.919118e-07, 0.020670
7.921118e-07, 0.019669
7.923117e-07, 0.017723
7.925117e-07, 0.016500
7.927118e-07, 0.015972
7.929118e-07, 0.016750
7.931118e-07, 0.017918
7.933118e-07, 0.015555
7.935118e-07, 0.015555
7.937117e-07, 0.017473
7.939117e-07, 0.018029
7.941118e-07, 0.016723
7.943118e-07, 0.016139
7.945118e-07, 0.015361
7.947118e-07, 0.013471
7.949118e-07, 0.014777
7.951117e-07, 0.014527
7.953117e-07, 0.013443
7.955118e-07, 0.013749
7.957118e-07, 0.014610
7.959118e-07, 0.014666
7.961118e-07, 0.015222
7.963118e-07, 0.014833
7.965117e-07, 0.012442
7.967117e-07, 0.011386
7.969118e-07, 0.009691
7.971118e-07, 0.010107
7.973118e-07, 0.010358
7.975118e-07, 0.011414
7.977118e-07, 0.011330
7.979117e-07, 0.011997
7.981117e-07, 0.011525
7.983118e-07, 0.010441
7.985118e-07, 0.009051
7.987118e-07, 0.007328
7.989118e-07, 0.006494
7.991118e-07, 0.007856
7.993117e-07, 0.008245
7.995117e-07, 0.007245
7.997118e-07, 0.006716
7.999118e-07, 0.007106
8.001118e-07, 0.007467
8.003118e-07, 0.008162
8.005118e-07, 0.007828
8.007117e-07, 0.006411
8.009117e-07, 0.004271
8.011118e-07, 0.002964
8.013118e-07, 0.005077
8.015118e-07, 0.010135
8.017118e-07, 0.011164
8.019118e-07, 0.010052
8.021117e-07, 0.009496
8.023117e-07, 0.008468
8.025117e-07, 0.006355
8.027118e-07, 0.005632
8.029118e-07, 0.009135
8.031118e-07, 0.013804
8.033118e-07, 0.015333
8.035117e-07, 0.017084
8.037117e-07, 0.019502
8.039117e-07, 0.017445
8.041118e-07, 0.015805
8.043118e-07, 0.017556
8.045118e-07, 0.019169
8.047118e-07, 0.016973
8.049117e-07, 0.016139
8.051117e-07, 0.015250
8.053117e-07, 0.015666
8.055118e-07, 0.016000
8.057118e-07, 0.016306
8.059118e-07, 0.018112
8.061118e-07, 0.018613
8.063117e-07, 0.017946
8.065117e-07, 0.017084
8.067117e-07, 0.017334
8.069118e-07, 0.018140
8.071118e-07, 0.018946
8.073118e-07, 0.021225
8.075118e-07, 0.024060
8.077117e-07, 0.023810
8.079117e-07, 0.024839
8.081117e-07, 0.024922
8.083118e-07, 0.025978
8.085118e-07, 0.028035
8.087118e-07, 0.027757
8.089118e-07, 0.027174
8.091117e-07, 0.027118
8.093117e-07, 0.027618
8.095117e-07, 0.028952
8.097118e-07, 0.030259
8.099118e-07, 0.030842
8.101118e-07, 0.031037
8.103118e-07, 0.030064
8.105118e-07, 0.029230
8.107117e-07, 0.028674
8.109117e-07, 0.027451
8.111118e-07, 0.026923
8.113118e-07, 0.025895
8.115118e-07, 0.028925
8.117118e-07, 0.029953
8.119118e-07, 0.029731
8.121117e-07, 0.029786
8.123117e-07, 0.029091
8.125118e-07, 0.028702
8.127118e-07, 0.026979
8.129118e-07, 0.027479
8.131118e-07, 0.027340
8.133118e-07, 0.026673
8.135117e-07, 0.026784
8.137117e-07, 0.028063
8.139118e-07, 0.028397
8.141118e-07, 0.027146
8.143118e-07, 0.026868
8.145118e-07, 0.025617
8.147118e-07, 0.025839
8.149117e-07, 0.025951
8.151117e-07, 0.024255
8.153118e-07, 0.021670
8.155118e-07, 0.024060
8.157118e-07, 0.025450
8.159118e-07, 0.026534
8.161118e-07, 0.027868
8.163117e-07, 0.026145
8.165117e-07, 0.022476
8.167118e-07, 0.018418
8.169118e-07, 0.016278
8.171118e-07, 0.016639
8.173118e-07, 0.017973
8.175118e-07, 0.021587
8.177117e-07, 0.023171
8.179117e-07, 0.027035
8.181118e-07, 0.032399
8.183118e-07, 0.029758
8.185118e-07, 0.024839
8.187118e-07, 0.023727
8.189118e-07, 0.023115
8.191117e-07, 0.021225
8.193117e-07, 0.018946
8.195118e-07, 0.019002
8.197118e-07, 0.020725
8.199118e-07, 0.021809
8.201118e-07, 0.022143
8.203118e-07, 0.022031
8.205117e-07, 0.021170
8.207117e-07, 0.018279
8.209118e-07, 0.017028
8.211118e-07, 0.017723
8.213118e-07, 0.017584
8.215118e-07, 0.018251
8.217118e-07, 0.020558
8.219117e-07, 0.021976
8.221117e-07, 0.020836
8.223118e-07, 0.018613
8.225118e-07, 0.017362
8.227118e-07, 0.016334
8.229118e-07, 0.015388
8.231118e-07, 0.016167
8.233117e-07, 0.016195
8.235117e-07, 0.017279
8.237118e-07, 0.016806
8.239118e-07, 0.016639
8.241118e-07, 0.017084
8.243118e-07, 0.017140
8.245118e-07, 0.016056
8.247117e-07, 0.014805
8.249117e-07, 0.014249
8.251118e-07, 0.013387
8.253118e-07, 0.012887
8.255118e-07, 0.013693
8.257118e-07, 0.014666
8.259118e-07, 0.014721
8.261117e-07, 0.016667
8.263117e-07, 0.015861
8.265118e-07, 0.014555
8.267118e-07, 0.011581
8.269118e-07, 0.010246
8.271118e-07, 0.010802
8.273118e-07, 0.011747
8.275117e-07, 0.011442
8.277117e-07, 0.010886
8.279118e-07, 0.010497
8.281118e-07, 0.011914
8.283118e-07, 0.011303
8.285118e-07, 0.010107
8.287118e-07, 0.007745
8.289117e-07, 0.006911
8.291117e-07, 0.007523
8.293118e-07, 0.008495
8.295118e-07, 0.007467
8.297118e-07, 0.006605
8.299118e-07, 0.008051
8.301118e-07, 0.008106
8.303117e-07, 0.007356
8.305117e-07, 0.007300
8.307118e-07, 0.007133
8.309118e-07, 0.004632
8.311118e-07, 0.003409
8.313118e-07, 0.004576
8.315118e-07, 0.008884
8.317117e-07, 0.011191
8.319117e-07, 0.011219
8.321117e-07, 0.009079
8.323118e-07, 0.007106
8.325118e-07, 0.005021
8.327118e-07, 0.004854
8.329118e-07, 0.009885
8.331117e-07, 0.013387
8.333117e-07, 0.014249
8.335117e-07, 0.016889
8.337118e-07, 0.018363
8.339118e-07, 0.018696
8.341118e-07, 0.017890
8.343118e-07, 0.018446
8.345117e-07, 0.018474
8.347117e-07, 0.016361
8.349117e-07, 0.014777
8.351118e-07, 0.015388
8.353118e-07, 0.015944
8.355118e-07, 0.017890
8.357118e-07, 0.019280
8.359117e-07, 0.019669
8.361117e-07, 0.019586
8.363117e-07, 0.019335
8.365118e-07, 0.019391
8.367118e-07, 0.017001
8.369118e-07, 0.018557
8.371118e-07, 0.019474
8.373117e-07, 0.020225
8.375117e-07, 0.022865
8.377117e-07, 0.024811
8.379118e-07, 0.025812
8.381118e-07, 0.025978
8.383118e-07, 0.026451
8.385118e-07, 0.027368
8.387118e-07, 0.029008
8.389117e-07, 0.029314
8.391117e-07, 0.029870
8.393118e-07, 0.030203
8.395118e-07, 0.030926
8.397118e-07, 0.031732
8.399118e-07, 0.031315
8.401118e-07, 0.031704
8.403117e-07, 0.032482
8.405117e-07, 0.032010
8.407118e-07, 0.029064
8.409118e-07, 0.028813
8.411118e-07, 0.030175
8.413118e-07, 0.028702
8.415118e-07, 0.028647
8.417117e-07, 0.028980
8.419117e-07, 0.029369
8.421118e-07, 0.029786
8.423118e-07, 0.028647
8.425118e-07, 0.027785
8.427118e-07, 0.027785
8.429118e-07, 0.027507
8.431117e-07, 0.026228
8.433117e-07, 0.026534
8.435118e-07, 0.028285
8.437118e-07, 0.027702
8.439118e-07, 0.027035
8.441118e-07, 0.027229
8.443118e-07, 0.026729
8.445117e-07, 0.026034
8.447117e-07, 0.024283
8.449118e-07, 0.024116
8.451118e-07, 0.023254
8.453118e-07, 0.023088
8.455118e-07, 0.023282
8.457118e-07, 0.023115
8.459117e-07, 0.025256
8.461117e-07, 0.027146
8.463118e-07, 0.025006
8.465118e-07, 0.023810
8.467118e-07, 0.019558
8.469118e-07, 0.016695
8.471118e-07, 0.016361
8.473117e-07, 0.016584
8.475117e-07, 0.019057
8.477118e-07, 0.021503
8.479118e-07, 0.025283
8.481118e-07, 0.031537
8.483118e-07, 0.030620
8.485118e-07, 0.025144
8.487117e-07, 0.023505
8.489117e-07, 0.023199
8.491118e-07, 0.021114
8.493118e-07, 0.021281
8.495118e-07, 0.019558
8.497118e-07, 0.021281
8.499118e-07, 0.023254
8.501117e-07, 0.022282
8.503117e-07, 0.022976
8.505118e-07, 0.022532
8.507118e-07, 0.020280
8.509118e-07, 0.019613
8.511118e-07, 0.019363
8.513118e-07, 0.018029
8.515117e-07, 0.019808
8.517117e-07, 0.020531
8.519118e-07, 0.021670
8.521118e-07, 0.020975
8.523118e-07, 0.020892
8.525118e-07, 0.018502
8.527118e-07, 0.016528
8.529117e-07, 0.015722
8.531117e-07, 0.016389
8.533118e-07, 0.017001
8.535118e-07, 0.017001
8.537118e-07, 0.016889
8.539118e-07, 0.017584
8.541118e-07, 0.017306
8.543117e-07, 0.015833
8.545117e-07, 0.014721
8.547118e-07, 0.014277
8.549118e-07, 0.014332
8.551118e-07, 0.013832
8.553118e-07, 0.012970
8.555118e-07, 0.012720
8.557117e-07, 0.013526
8.559117e-07, 0.014499
8.561118e-07, 0.015694
8.563118e-07, 0.016000
8.565118e-07, 0.013415
8.567118e-07, 0.011525
8.569118e-07, 0.010413
8.571117e-07, 0.009051
8.573117e-07, 0.009162
8.575118e-07, 0.009968
8.577118e-07, 0.009357
8.579118e-07, 0.010580
8.581118e-07, 0.010608
8.583118e-07, 0.010636
8.585117e-07, 0.009913
8.587117e-07, 0.008745
8.589118e-07, 0.007634
8.591118e-07, 0.008329
8.593118e-07, 0.008607
8.595118e-07, 0.007773
8.597118e-07, 0.007078
8.599117e-07, 0.006383
8.601117e-07, 0.006967
8.603118e-07, 0.007384
8.605118e-07, 0.006744
8.607118e-07, 0.006355
8.609118e-07, 0.004215
8.611118e-07, 0.002436
8.613117e-07, 0.002714
8.615117e-07, 0.005855
8.617118e-07, 0.011219
8.619118e-07, 0.011859
8.621118e-07, 0.010191
8.623118e-07, 0.009607
8.625118e-07, 0.007800
8.627117e-07, 0.005132
8.629117e-07, 0.008579
8.631117e-07, 0.014360
8.633118e-07, 0.016389
8.635118e-07, 0.015833
8.637118e-07, 0.018446
8.639118e-07, 0.019836
8.641117e-07, 0.018196
8.643117e-07, 0.017890
8.645117e-07, 0.019558
8.647118e-07, 0.019085
8.649118e-07, 0.016778
8.651118e-07, 0.015500
8.653118e-07, 0.016611
8.655117e-07, 0.017695
8.657117e-07, 0.018112
8.659117e-07, 0.018918
8.661118e-07, 0.019669
8.663118e-07, 0.018752
8.665118e-07, 0.018724
8.667118e-07, 0.018529
8.669118e-07, 0.018112
8.671117e-07, 0.018807
8.673117e-07, 0.020114
8.675118e-07, 0.022226
8.677118e-07, 0.024422
8.679118e-07, 0.025422
8.681118e-07, 0.025311
8.683118e-07, 0.026034
8.685117e-07, 0.027035
8.687117e-07, 0.025951
8.689118e-07, 0.026284
8.691118e-07, 0.027396
8.693118e-07, 0.028563
8.695118e-07, 0.030120
8.697118e-07, 0.030342
8.699117e-07, 0.030759
8.701117e-07, 0.030175
8.703118e-07, 0.030842
8.705118e-07, 0.030926
8.707118e-07, 0.030259
8.709118e-07, 0.029008
8.711118e-07, 0.028758
8.713117e-07, 0.027396
8.715117e-07, 0.029064
8.717118e-07, 0.030342
8.719118e-07, 0.029758
8.721118e-07, 0.029925
8.723118e-07, 0.028980
8.725118e-07, 0.027952
8.727117e-07, 0.026923
8.729117e-07, 0.026618
8.731118e-07, 0.026228
8.733118e-07, 0.026312
8.735118e-07, 0.026979
8.737118e-07, 0.027368
8.739118e-07, 0.027507
8.741117e-07, 0.028452
8.743117e-07, 0.027868
8.745118e-07, 0.027312
8.747118e-07, 0.025756
8.749118e-07, 0.024144
8.751118e-07, 0.024728
8.753118e-07, 0.023588
8.755117e-07, 0.023783
8.757117e-07, 0.025311
8.759118e-07, 0.026090
8.761118e-07, 0.027007
8.763118e-07, 0.026923
8.765118e-07, 0.024783
8.767118e-07, 0.021170
8.769117e-07, 0.016445
8.771117e-07, 0.015027
8.773118e-07, 0.016278
8.775118e-07, 0.019947
8.777118e-07, 0.022004
8.779118e-07, 0.025033
8.781118e-07, 0.030148
8.783117e-07, 0.031704
8.785117e-07, 0.026312
8.787118e-07, 0.022560
8.789118e-07, 0.022004
8.791118e-07, 0.022976
8.793118e-07, 0.021698
8.795118e-07, 0.019363
8.797117e-07, 0.020808
8.799117e-07, 0.022226
8.801118e-07, 0.022448
8.803118e-07, 0.022643
8.805118e-07, 0.021976
8.807118e-07, 0.019252
8.809118e-07, 0.016500
8.811117e-07, 0.018140
8.813117e-07, 0.018168
8.815118e-07, 0.018112
8.817118e-07, 0.020225
8.819118e-07, 0.021003
8.821118e-07, 0.021420
8.823118e-07, 0.019780
8.825117e-07, 0.017890
8.827117e-07, 0.015027
8.829118e-07, 0.014471
8.831118e-07, 0.017529
8.833118e-07, 0.016695
8.835118e-07, 0.015805
8.837118e-07, 0.017251
8.839117e-07, 0.018251
8.841117e-07, 0.017668
8.843118e-07, 0.016806
8.845118e-07, 0.015778
8.847118e-07, 0.014416
8.849118e-07, 0.014277
8.851118e-07, 0.013971
8.853117e-07, 0.013081
8.855117e-07, 0.012359
8.857118e-07, 0.013193
8.859118e-07, 0.014082
8.861118e-07, 0.014833
8.863118e-07, 0.014610
8.865118e-07, 0.013276
8.867117e-07, 0.012248
8.869117e-07, 0.010358
8.871118e-07, 0.011469
8.873118e-07, 0.011080
8.875118e-07, 0.010719
8.877118e-07, 0.011497
8.879118e-07, 0.011942
8.881117e-07, 0.011247
8.883117e-07, 0.011386
8.885118e-07, 0.009746
8.887118e-07, 0.007578
8.889118e-07, 0.008634
8.891118e-07, 0.008801
8.893118e-07, 0.008162
8.895117e-07, 0.008273
8.897117e-07, 0.005744
8.899118e-07, 0.006022
8.901118e-07, 0.007384
8.903118e-07, 0.008745
8.905118e-07, 0.009051
8.907118e-07, 0.007356
8.909117e-07, 0.005243
8.911117e-07, 0.002992
8.913118e-07, 0.003798
8.915118e-07, 0.006911
8.917118e-07, 0.010052
8.919118e-07, 0.010886
8.921118e-07, 0.009190
8.923117e-07, 0.008301
8.925117e-07, 0.007356
8.927117e-07, 0.005077
8.929118e-07, 0.008273
8.931118e-07, 0.013776
8.933118e-07, 0.015055
8.935118e-07, 0.015722
8.937117e-07, 0.017223
8.939117e-07, 0.018918
8.941117e-07, 0.018335
8.943118e-07, 0.016556
8.945118e-07, 0.018418
8.947118e-07, 0.018224
8.949118e-07, 0.016556
8.951118e-07, 0.016111
8.953117e-07, 0.016945
8.955117e-07, 0.018001
8.957118e-07, 0.018390
8.959118e-07, 0.019057
8.961118e-07, 0.020141
8.963118e-07, 0.019613
8.965118e-07, 0.019030
8.967117e-07, 0.018418
8.969117e-07, 0.018251
8.971118e-07, 0.019252
8.973118e-07, 0.021670
8.975118e-07, 0.022393
8.977118e-07, 0.023977
8.979118e-07, 0.025867
8.981117e-07, 0.026117
8.983117e-07, 0.026590
8.985118e-07, 0.027563
8.987118e-07, 0.027618
8.989118e-07, 0.026729
8.991118e-07, 0.027757
8.993118e-07, 0.029342
8.995117e-07, 0.030398
8.997117e-07, 0.030537
8.999118e-07, 0.030036
9.001118e-07, 0.030175
9.003118e-07, 0.029897
9.005118e-07, 0.030036
9.007118e-07, 0.030036
9.009117e-07, 0.029453
9.011117e-07, 0.029425
9.013118e-07, 0.027924
9.015118e-07, 0.028452
9.017118e-07, 0.029175
9.019118e-07, 0.031704
9.021118e-07, 0.031676
9.023117e-07, 0.029897
9.025117e-07, 0.029369
9.027118e-07, 0.028925
9.029118e-07, 0.027785
9.031118e-07, 0.027451
9.033118e-07, 0.026868
9.035118e-07, 0.027451
9.037117e-07, 0.028952
9.039117e-07, 0.029675
9.041118e-07, 0.027868
9.043118e-07, 0.027368
9.045118e-07, 0.026701
9.047118e-07, 0.026201
9.049118e-07, 0.026479
9.051117e-07, 0.023810
9.053117e-07, 0.021892
9.055118e-07, 0.021642
9.057118e-07, 0.023894
9.059118e-07, 0.026757
9.061118e-07, 0.027980
9.063118e-07, 0.026534
9.065117e-07, 0.025061
9.067117e-07, 0.021559
9.069118e-07, 0.017556
9.071118e-07, 0.017084
9.073118e-07, 0.018112
9.075118e-07, 0.019558
9.077118e-07, 0.021142
9.079117e-07, 0.024755
9.081117e-07, 0.029703
9.083118e-07, 0.032260
9.085118e-07, 0.027868
9.087118e-07, 0.023866
9.089118e-07, 0.024172
9.091118e-07, 0.022754
9.093117e-07, 0.021976
9.095117e-07, 0.021337
9.097118e-07, 0.020808
9.099118e-07, 0.021503
9.101118e-07, 0.022198
9.103118e-07, 0.021670
9.105118e-07, 0.022254
9.107117e-07, 0.020169
9.109117e-07, 0.017556
9.111118e-07, 0.018140
9.113118e-07, 0.018863
9.115118e-07, 0.017751
9.117118e-07, 0.019308
9.119118e-07, 0.021420
9.121117e-07, 0.022643
9.123117e-07, 0.022004
9.125118e-07, 0.018974
9.127118e-07, 0.016973
9.129118e-07, 0.016167
9.131118e-07, 0.017223
9.133118e-07, 0.016973
9.135117e-07, 0.018585
9.137117e-07, 0.017390
9.139118e-07, 0.017751
9.141118e-07, 0.018085
9.143118e-07, 0.017807
9.145118e-07, 0.016028
9.147118e-07, 0.014416
9.149117e-07, 0.014944
9.151117e-07, 0.013888
9.153118e-07, 0.012831
9.155118e-07, 0.013387
9.157118e-07, 0.012970
9.159118e-07, 0.013610
9.161118e-07, 0.015083
9.163117e-07, 0.015805
9.165117e-07, 0.013915
9.167118e-07, 0.010024
9.169118e-07, 0.009941
9.171118e-07, 0.010580
9.173118e-07, 0.010608
9.175118e-07, 0.010747
9.177117e-07, 0.010524
9.179117e-07, 0.010441
9.181118e-07, 0.011080
9.183118e-07, 0.010441
9.185118e-07, 0.009996
9.187118e-07, 0.009135
9.189118e-07, 0.007717
9.191117e-07, 0.007300
9.193117e-07, 0.007161
9.195118e-07, 0.008634
9.197118e-07, 0.008745
9.199118e-07, 0.007745
9.201118e-07, 0.007300
9.203118e-07, 0.008329
9.205117e-07, 0.008051
9.207117e-07, 0.007495
9.209118e-07, 0.007384
9.211118e-07, 0.004799
9.213118e-07, 0.003826
9.215118e-07, 0.006133
9.217118e-07, 0.010552
9.219117e-07, 0.010469
9.221117e-07, 0.008968
9.223118e-07, 0.008551
9.225118e-07, 0.006994
9.227118e-07, 0.005883
9.229118e-07, 0.007300
9.231118e-07, 0.011219
9.233118e-07, 0.014360
9.235117e-07, 0.016528
9.237117e-07, 0.017612
9.239118e-07, 0.019724
9.241118e-07, 0.020670
9.243118e-07, 0.019474
9.245118e-07, 0.019502
9.247118e-07, 0.018891
9.249117e-07, 0.017084
9.251117e-07, 0.016667
9.253118e-07, 0.016083
9.255118e-07, 0.016195
9.257118e-07, 0.018363
9.259118e-07, 0.019280
9.261118e-07, 0.020475
9.263117e-07, 0.020392
9.265117e-07, 0.020808
9.267118e-07, 0.019447
9.269118e-07, 0.018307
9.271118e-07, 0.019502
9.273118e-07, 0.020475
9.275118e-07, 0.021698
9.277117e-07, 0.023810
9.279117e-07, 0.025367
9.281118e-07, 0.026006
9.283118e-07, 0.026228
9.285118e-07, 0.026284
9.287118e-07, 0.027424
9.289118e-07, 0.027507
9.291117e-07, 0.027424
9.293117e-07, 0.027841
9.295118e-07, 0.028174
9.297118e-07, 0.029036
9.299118e-07, 0.029786
9.301118e-07, 0.030120
9.303118e-07, 0.030120
9.305118e-07, 0.028758
9.307118e-07, 0.029369
9.309118e-07, 0.027952
9.311117e-07, 0.029425
9.313117e-07, 0.028619
9.315117e-07, 0.028841
9.317117e-07, 0.029508
9.319117e-07, 0.030120
9.321117e-07, 0.030370
9.323118e-07, 0.030175
9.325118e-07, 0.028007
9.327118e-07, 0.027563
9.329118e-07, 0.028397
9.331118e-07, 0.027451
9.333118e-07, 0.026340
9.335118e-07, 0.026729
9.337118e-07, 0.028925
9.339117e-07, 0.028702
9.341117e-07, 0.028869
9.343117e-07, 0.028730
9.345117e-07, 0.026590
9.347117e-07, 0.025422
9.349117e-07, 0.026090
9.351118e-07, 0.026034
9.353118e-07, 0.023143
9.355118e-07, 0.023505
9.357118e-07, 0.024533
9.359118e-07, 0.026367
9.361118e-07, 0.027174
9.363118e-07, 0.027062
9.365118e-07, 0.025561
9.367117e-07, 0.021198
9.369117e-07, 0.016639
9.371117e-07, 0.016222
9.373117e-07, 0.018279
9.375117e-07, 0.018946
9.377117e-07, 0.020392
9.379118e-07, 0.023894
9.381118e-07, 0.029064
9.383118e-07, 0.033900
9.385118e-07, 0.028424
9.387118e-07, 0.023783
9.389118e-07, 0.022587
9.391118e-07, 0.022087
9.393118e-07, 0.021615
9.395118e-07, 0.019891
9.397117e-07, 0.019808
9.399117e-07, 0.021031
9.401117e-07, 0.021225
9.403117e-07, 0.021309
9.405117e-07, 0.022059
9.407118e-07, 0.020114
9.409118e-07, 0.016806
9.411118e-07, 0.016945
9.413118e-07, 0.017140
9.415118e-07, 0.016945
9.417118e-07, 0.018196
9.419118e-07, 0.020308
9.421118e-07, 0.022309
9.423118e-07, 0.019947
9.425117e-07, 0.017862
9.427117e-07, 0.016973
9.429117e-07, 0.015333
9.431117e-07, 0.015527
9.433117e-07, 0.016167
9.435118e-07, 0.015583
9.437118e-07, 0.015694
9.439118e-07, 0.016556
9.441118e-07, 0.017223
9.443118e-07, 0.017084
9.445118e-07, 0.015027
9.447118e-07, 0.014638
9.449118e-07, 0.014166
9.451118e-07, 0.014694
9.453117e-07, 0.014499
9.455117e-07, 0.014138
9.457117e-07, 0.012859
9.459117e-07, 0.014082
9.461117e-07, 0.015527
9.463118e-07, 0.015111
9.465118e-07, 0.013693
9.467118e-07, 0.013220
9.469118e-07, 0.012053
9.471118e-07, 0.010358
9.473118e-07, 0.008996
9.475118e-07, 0.009857
9.477118e-07, 0.009774
9.479118e-07, 0.009996
9.481117e-07, 0.010913
9.483117e-07, 0.011720
9.485117e-07, 0.010358
9.487117e-07, 0.007606
9.489117e-07, 0.006772
9.491118e-07, 0.007300
9.493118e-07, 0.007411
9.495118e-07, 0.007078
9.497118e-07, 0.006300
9.499118e-07, 0.006383
9.501118e-07, 0.006911
9.503118e-07, 0.006911
9.505118e-07, 0.006828
9.507118e-07, 0.006550
9.509117e-07, 0.006994
9.511117e-07, 0.004048
9.513117e-07, 0.003409
9.515117e-07, 0.004215
9.517117e-07, 0.008523
9.519118e-07, 0.010524
9.521118e-07, 0.009941
9.523118e-07, 0.008523
9.525118e-07, 0.007995
9.527118e-07, 0.005271
9.529118e-07, 0.005382
9.531118e-07, 0.009829
9.533118e-07, 0.013749
9.535118e-07, 0.016917
9.537117e-07, 0.017112
9.539117e-07, 0.017445
9.541117e-07, 0.018112
9.543117e-07, 0.018363
9.545117e-07, 0.018585
9.547117e-07, 0.019113
9.549118e-07, 0.017668
9.551118e-07, 0.016361
9.553118e-07, 0.016500
9.555118e-07, 0.016083
9.557118e-07, 0.016056
9.559118e-07, 0.018918
9.561118e-07, 0.020197
9.563118e-07, 0.019196
9.565117e-07, 0.020114
9.567117e-07, 0.020002
9.569117e-07, 0.017445
9.571117e-07, 0.017640
9.573117e-07, 0.019752
9.575117e-07, 0.022031
9.577118e-07, 0.024616
9.579118e-07, 0.025422
9.581118e-07, 0.024561
9.583118e-07, 0.025172
9.585118e-07, 0.027062
9.587118e-07, 0.027146
9.589118e-07, 0.026896
9.591118e-07, 0.029091
9.593117e-07, 0.030509
9.595117e-07, 0.030703
9.597117e-07, 0.031426
9.599117e-07, 0.032065
9.601117e-07, 0.031565
9.603117e-07, 0.032177
9.605118e-07, 0.031287
9.607118e-07, 0.030481
9.609118e-07, 0.030231
9.611118e-07, 0.029508
9.613118e-07, 0.029508
9.615118e-07, 0.029064
9.617118e-07, 0.028285
9.619118e-07, 0.029619
9.621117e-07, 0.032010
9.623117e-07, 0.030759
9.625117e-07, 0.028786
9.627117e-07, 0.027952
9.629117e-07, 0.027174
9.631117e-07, 0.027062
9.633118e-07, 0.027146
9.635118e-07, 0.027396
9.637118e-07, 0.029064
9.639118e-07, 0.028925
9.641118e-07, 0.028897
9.643118e-07, 0.027868
9.645118e-07, 0.025951
9.647118e-07, 0.025923
9.649117e-07, 0.026062
9.651117e-07, 0.024839
9.653117e-07, 0.023449
9.655117e-07, 0.022170
9.657117e-07, 0.023004
9.659117e-07, 0.025645
9.661118e-07, 0.026868
9.663118e-07, 0.026868
9.665118e-07, 0.024589
9.667118e-07, 0.021170
9.669118e-07, 0.018696
9.671118e-07, 0.016556
9.673118e-07, 0.016389
9.675118e-07, 0.018168
9.677118e-07, 0.019836
9.679117e-07, 0.023338
9.681117e-07, 0.027035
9.683117e-07, 0.031537
9.685117e-07, 0.029119
9.687117e-07, 0.024450
9.689118e-07, 0.023393
9.691118e-07, 0.021976
9.693118e-07, 0.022115
9.695118e-07, 0.019224
9.697118e-07, 0.020225
9.699118e-07, 0.021781
9.701118e-07, 0.022838
9.703118e-07, 0.022282
9.705118e-07, 0.022421
9.707117e-07, 0.021865
9.709117e-07, 0.019252
9.711117e-07, 0.017834
9.713117e-07, 0.018307
9.715117e-07, 0.016834
9.717118e-07, 0.016945
9.719118e-07, 0.020030
9.721118e-07, 0.021642
9.723118e-07, 0.020503
9.725118e-07, 0.018585
9.727118e-07, 0.016111
9.729118e-07, 0.015472
9.731118e-07, 0.016250
9.733118e-07, 0.018029
9.735117e-07, 0.018168
9.737117e-07, 0.016584
9.739117e-07, 0.016528
9.741117e-07, 0.015555
9.743117e-07, 0.016000
9.745118e-07, 0.015055
9.747118e-07, 0.013888
9.749118e-07, 0.013304
9.751118e-07, 0.013193
9.753118e-07, 0.013693
9.755118e-07, 0.013276
9.757118e-07, 0.013415
9.759118e-07, 0.013165
9.761118e-07, 0.013415
9.763117e-07, 0.013776
9.765117e-07, 0.013888
9.767117e-07, 0.011497
9.769117e-07, 0.009635
